Steppingstone sampler:
        No Stones:                  1000
        Start It:                   10000001
        It Per Stone:               100000
        Sample Freq:                1
        Dist:                       Beta(0.400000,1.000000)
Stone No	Power	N	Stone MLh	Running MLh
0	0.997502	75000	-0.147013	-0.147013
1	0.995007	75000	-0.146793	-0.293806
2	0.992517	75000	-0.146595	-0.440400
3	0.990030	75000	-0.146506	-0.586906
4	0.987547	75000	-0.146154	-0.733060
5	0.985067	75000	-0.146071	-0.879130
6	0.982592	75000	-0.145878	-1.025008
7	0.980120	75000	-0.145663	-1.170671
8	0.977652	75000	-0.145362	-1.316032
9	0.975187	75000	-0.145281	-1.461314
10	0.972726	75000	-0.145013	-1.606326
11	0.970269	75000	-0.144718	-1.751044
12	0.967816	75000	-0.144440	-1.895484
13	0.965367	75000	-0.144284	-2.039768
14	0.962921	75000	-0.144162	-2.183930
15	0.960479	75000	-0.143940	-2.327870
16	0.958040	75000	-0.143614	-2.471484
17	0.955606	75000	-0.143353	-2.614837
18	0.953175	75000	-0.143221	-2.758058
19	0.950747	75000	-0.143192	-2.901250
20	0.948324	75000	-0.142974	-3.044224
21	0.945904	75000	-0.142755	-3.186978
22	0.943488	75000	-0.142572	-3.329550
23	0.941076	75000	-0.142454	-3.472004
24	0.938667	75000	-0.142062	-3.614066
25	0.936262	75000	-0.141987	-3.756054
26	0.933861	75000	-0.141665	-3.897719
27	0.931463	75000	-0.141439	-4.039158
28	0.929069	75000	-0.141378	-4.180537
29	0.926679	75000	-0.141166	-4.321702
30	0.924293	75000	-0.140805	-4.462507
31	0.921910	75000	-0.140559	-4.603065
32	0.919531	75000	-0.140220	-4.743286
33	0.917155	75000	-0.140177	-4.883463
34	0.914783	75000	-0.140160	-5.023623
35	0.912415	75000	-0.139913	-5.163536
36	0.910051	75000	-0.139781	-5.303317
37	0.907690	75000	-0.139399	-5.442716
38	0.905333	75000	-0.139265	-5.581982
39	0.902980	75000	-0.138948	-5.720929
40	0.900630	75000	-0.138915	-5.859844
41	0.898284	75000	-0.138656	-5.998501
42	0.895942	75000	-0.138417	-6.136918
43	0.893603	75000	-0.138172	-6.275089
44	0.891268	75000	-0.137835	-6.412924
45	0.888937	75000	-0.137770	-6.550694
46	0.886609	75000	-0.137485	-6.688179
47	0.884285	75000	-0.137379	-6.825558
48	0.881965	75000	-0.137135	-6.962693
49	0.879648	75000	-0.137049	-7.099742
50	0.877335	75000	-0.136657	-7.236399
51	0.875026	75000	-0.136646	-7.373045
52	0.872720	75000	-0.136294	-7.509339
53	0.870418	75000	-0.136060	-7.645399
54	0.868120	75000	-0.135937	-7.781336
55	0.865825	75000	-0.135830	-7.917167
56	0.863534	75000	-0.135742	-8.052909
57	0.861246	75000	-0.135425	-8.188334
58	0.858962	75000	-0.135215	-8.323549
59	0.856682	75000	-0.135007	-8.458556
60	0.854405	75000	-0.134677	-8.593234
61	0.852132	75000	-0.134620	-8.727853
62	0.849863	75000	-0.134460	-8.862313
63	0.847597	75000	-0.134261	-8.996574
64	0.845335	75000	-0.133996	-9.130570
65	0.843077	75000	-0.133899	-9.264469
66	0.840822	75000	-0.133590	-9.398059
67	0.838571	75000	-0.133387	-9.531447
68	0.836323	75000	-0.133221	-9.664667
69	0.834079	75000	-0.132894	-9.797561
70	0.831839	75000	-0.132692	-9.930253
71	0.829602	75000	-0.132472	-10.062725
72	0.827369	75000	-0.132330	-10.195055
73	0.825140	75000	-0.132257	-10.327311
74	0.822914	75000	-0.132190	-10.459502
75	0.820691	75000	-0.131828	-10.591329
76	0.818473	75000	-0.131537	-10.722866
77	0.816258	75000	-0.131386	-10.854252
78	0.814046	75000	-0.131342	-10.985594
79	0.811838	75000	-0.131104	-11.116698
80	0.809634	75000	-0.130824	-11.247522
81	0.807433	75000	-0.130736	-11.378258
82	0.805236	75000	-0.130370	-11.508629
83	0.803043	75000	-0.130128	-11.638757
84	0.800853	75000	-0.129959	-11.768716
85	0.798667	75000	-0.129909	-11.898625
86	0.796484	75000	-0.129691	-12.028316
87	0.794305	75000	-0.129474	-12.157789
88	0.792129	75000	-0.129242	-12.287031
89	0.789957	75000	-0.129036	-12.416067
90	0.787789	75000	-0.128896	-12.544963
91	0.785624	75000	-0.128704	-12.673667
92	0.783463	75000	-0.128545	-12.802212
93	0.781305	75000	-0.128244	-12.930456
94	0.779151	75000	-0.128069	-13.058525
95	0.777000	75000	-0.127963	-13.186488
96	0.774853	75000	-0.127707	-13.314195
97	0.772710	75000	-0.127645	-13.441840
98	0.770570	75000	-0.127282	-13.569122
99	0.768433	75000	-0.127103	-13.696224
100	0.766301	75000	-0.127045	-13.823269
101	0.764172	75000	-0.126579	-13.949848
102	0.762046	75000	-0.126483	-14.076331
103	0.759924	75000	-0.126308	-14.202639
104	0.757805	75000	-0.126205	-14.328844
105	0.755690	75000	-0.126052	-14.454897
106	0.753579	75000	-0.125812	-14.580708
107	0.751471	75000	-0.125510	-14.706218
108	0.749366	75000	-0.125267	-14.831485
109	0.747266	75000	-0.125137	-14.956622
110	0.745168	75000	-0.125013	-15.081635
111	0.743075	75000	-0.124789	-15.206424
112	0.740984	75000	-0.124394	-15.330818
113	0.738898	75000	-0.124494	-15.455312
114	0.736815	75000	-0.124125	-15.579437
115	0.734735	75000	-0.123976	-15.703413
116	0.732659	75000	-0.123794	-15.827207
117	0.730586	75000	-0.123532	-15.950739
118	0.728517	75000	-0.123374	-16.074113
119	0.726452	75000	-0.123301	-16.197415
120	0.724390	75000	-0.122985	-16.320400
121	0.722331	75000	-0.122897	-16.443297
122	0.720276	75000	-0.122755	-16.566052
123	0.718225	75000	-0.122435	-16.688486
124	0.716177	75000	-0.122289	-16.810776
125	0.714132	75000	-0.122057	-16.932833
126	0.712091	75000	-0.121961	-17.054793
127	0.710054	75000	-0.121748	-17.176542
128	0.708020	75000	-0.121563	-17.298105
129	0.705989	75000	-0.121271	-17.419376
130	0.703962	75000	-0.121068	-17.540444
131	0.701939	75000	-0.121125	-17.661569
132	0.699919	75000	-0.120755	-17.782324
133	0.697902	75000	-0.120635	-17.902959
134	0.695889	75000	-0.120331	-18.023290
135	0.693880	75000	-0.120256	-18.143546
136	0.691874	75000	-0.119971	-18.263517
137	0.689871	75000	-0.119584	-18.383101
138	0.687872	75000	-0.119592	-18.502693
139	0.685877	75000	-0.119403	-18.622096
140	0.683885	75000	-0.119223	-18.741319
141	0.681896	75000	-0.119055	-18.860374
142	0.679911	75000	-0.118967	-18.979341
143	0.677929	75000	-0.118476	-19.097817
144	0.675951	75000	-0.118462	-19.216279
145	0.673976	75000	-0.118221	-19.334500
146	0.672005	75000	-0.118023	-19.452524
147	0.670037	75000	-0.117774	-19.570298
148	0.668073	75000	-0.117536	-19.687834
149	0.666112	75000	-0.117679	-19.805513
150	0.664155	75000	-0.117294	-19.922807
151	0.662201	75000	-0.117254	-20.040061
152	0.660250	75000	-0.116870	-20.156931
153	0.658303	75000	-0.116607	-20.273538
154	0.656359	75000	-0.116439	-20.389977
155	0.654419	75000	-0.116376	-20.506353
156	0.652483	75000	-0.115996	-20.622349
157	0.650549	75000	-0.115978	-20.738327
158	0.648619	75000	-0.115695	-20.854022
159	0.646693	75000	-0.115665	-20.969686
160	0.644770	75000	-0.115492	-21.085178
161	0.642851	75000	-0.115117	-21.200295
162	0.640934	75000	-0.114907	-21.315202
163	0.639022	75000	-0.114731	-21.429934
164	0.637113	75000	-0.114628	-21.544562
165	0.635207	75000	-0.114457	-21.659019
166	0.633304	75000	-0.114269	-21.773288
167	0.631405	75000	-0.114170	-21.887458
168	0.629510	75000	-0.113896	-22.001354
169	0.627618	75000	-0.113742	-22.115097
170	0.625729	75000	-0.113506	-22.228602
171	0.623844	75000	-0.113526	-22.342128
172	0.621962	75000	-0.113170	-22.455299
173	0.620083	75000	-0.113019	-22.568318
174	0.618208	75000	-0.112738	-22.681055
175	0.616337	75000	-0.112590	-22.793645
176	0.614468	75000	-0.112444	-22.906089
177	0.612604	75000	-0.112066	-23.018156
178	0.610742	75000	-0.112035	-23.130191
179	0.608884	75000	-0.111793	-23.241983
180	0.607029	75000	-0.111892	-23.353875
181	0.605178	75000	-0.111622	-23.465497
182	0.603330	75000	-0.111255	-23.576752
183	0.601486	75000	-0.111073	-23.687826
184	0.599645	75000	-0.110816	-23.798641
185	0.597807	75000	-0.110745	-23.909387
186	0.595973	75000	-0.110739	-24.020125
187	0.594142	75000	-0.110464	-24.130589
188	0.592314	75000	-0.110124	-24.240712
189	0.590490	75000	-0.110101	-24.350814
190	0.588669	75000	-0.109840	-24.460654
191	0.586852	75000	-0.109737	-24.570391
192	0.585038	75000	-0.109395	-24.679785
193	0.583227	75000	-0.109243	-24.789028
194	0.581420	75000	-0.108973	-24.898001
195	0.579616	75000	-0.108690	-25.006691
196	0.577815	75000	-0.108725	-25.115416
197	0.576018	75000	-0.108572	-25.223988
198	0.574224	75000	-0.108347	-25.332335
199	0.572433	75000	-0.108196	-25.440530
200	0.570646	75000	-0.108066	-25.548596
201	0.568862	75000	-0.107853	-25.656449
202	0.567082	75000	-0.107600	-25.764049
203	0.565305	75000	-0.107366	-25.871415
204	0.563531	75000	-0.107226	-25.978641
205	0.561761	75000	-0.107107	-26.085748
206	0.559993	75000	-0.106837	-26.192585
207	0.558230	75000	-0.106819	-26.299404
208	0.556469	75000	-0.106448	-26.405852
209	0.554712	75000	-0.106470	-26.512322
210	0.552958	75000	-0.106305	-26.618627
211	0.551208	75000	-0.106144	-26.724771
212	0.549461	75000	-0.105827	-26.830598
213	0.547717	75000	-0.105785	-26.936383
214	0.545977	75000	-0.105546	-27.041930
215	0.544240	75000	-0.105202	-27.147131
216	0.542506	75000	-0.105190	-27.252321
217	0.540775	75000	-0.104938	-27.357259
218	0.539048	75000	-0.104886	-27.462144
219	0.537324	75000	-0.104540	-27.566685
220	0.535604	75000	-0.104294	-27.670978
221	0.533887	75000	-0.104204	-27.775182
222	0.532173	75000	-0.104021	-27.879203
223	0.530462	75000	-0.103953	-27.983156
224	0.528755	75000	-0.103809	-28.086966
225	0.527051	75000	-0.103428	-28.190393
226	0.525350	75000	-0.103377	-28.293770
227	0.523653	75000	-0.103254	-28.397024
228	0.521958	75000	-0.103110	-28.500134
229	0.520268	75000	-0.102901	-28.603035
230	0.518580	75000	-0.102640	-28.705674
231	0.516896	75000	-0.102380	-28.808055
232	0.515215	75000	-0.102380	-28.910435
233	0.513537	75000	-0.102235	-29.012669
234	0.511863	75000	-0.101910	-29.114580
235	0.510192	75000	-0.101927	-29.216507
236	0.508524	75000	-0.101620	-29.318127
237	0.506859	75000	-0.101542	-29.419669
238	0.505198	75000	-0.101204	-29.520873
239	0.503540	75000	-0.101173	-29.622046
240	0.501885	75000	-0.100925	-29.722971
241	0.500234	75000	-0.100757	-29.823728
242	0.498586	75000	-0.100554	-29.924282
243	0.496941	75000	-0.100395	-30.024677
244	0.495299	75000	-0.100200	-30.124877
245	0.493660	75000	-0.099956	-30.224833
246	0.492025	75000	-0.099810	-30.324643
247	0.490393	75000	-0.099810	-30.424453
248	0.488765	75000	-0.099614	-30.524067
249	0.487139	75000	-0.099173	-30.623240
250	0.485517	75000	-0.099117	-30.722357
251	0.483898	75000	-0.098941	-30.821298
252	0.482283	75000	-0.098953	-30.920251
253	0.480670	75000	-0.098737	-31.018988
254	0.479061	75000	-0.098418	-31.117406
255	0.477455	75000	-0.098156	-31.215562
256	0.475852	75000	-0.098170	-31.313732
257	0.474253	75000	-0.097972	-31.411704
258	0.472656	75000	-0.097930	-31.509634
259	0.471063	75000	-0.097639	-31.607272
260	0.469474	75000	-0.097607	-31.704879
261	0.467887	75000	-0.097174	-31.802054
262	0.466304	75000	-0.097060	-31.899114
263	0.464723	75000	-0.096849	-31.995963
264	0.463146	75000	-0.096706	-32.092669
265	0.461573	75000	-0.096630	-32.189300
266	0.460002	75000	-0.096412	-32.285712
267	0.458435	75000	-0.096221	-32.381933
268	0.456871	75000	-0.096079	-32.478011
269	0.455310	75000	-0.095972	-32.573983
270	0.453752	75000	-0.095545	-32.669528
271	0.452198	75000	-0.095727	-32.765255
272	0.450647	75000	-0.095221	-32.860476
273	0.449098	75000	-0.095339	-32.955815
274	0.447554	75000	-0.095229	-33.051044
275	0.446012	75000	-0.095021	-33.146066
276	0.444473	75000	-0.094610	-33.240676
277	0.442938	75000	-0.094404	-33.335080
278	0.441406	75000	-0.094293	-33.429373
279	0.439877	75000	-0.094387	-33.523760
280	0.438351	75000	-0.094035	-33.617794
281	0.436829	75000	-0.093811	-33.711605
282	0.435309	75000	-0.093467	-33.805072
283	0.433793	75000	-0.093503	-33.898575
284	0.432280	75000	-0.093504	-33.992079
285	0.430770	75000	-0.093187	-34.085266
286	0.429263	75000	-0.092980	-34.178246
287	0.427760	75000	-0.092906	-34.271152
288	0.426259	75000	-0.092789	-34.363942
289	0.424762	75000	-0.092599	-34.456541
290	0.423268	75000	-0.092442	-34.548983
291	0.421777	75000	-0.092264	-34.641247
292	0.420289	75000	-0.091976	-34.733223
293	0.418805	75000	-0.091875	-34.825097
294	0.417323	75000	-0.091767	-34.916864
295	0.415845	75000	-0.091719	-35.008584
296	0.414370	75000	-0.091494	-35.100078
297	0.412898	75000	-0.091146	-35.191224
298	0.411429	75000	-0.091100	-35.282324
299	0.409963	75000	-0.090917	-35.373241
300	0.408501	75000	-0.090737	-35.463977
301	0.407041	75000	-0.090406	-35.554383
302	0.405585	75000	-0.090214	-35.644597
303	0.404132	75000	-0.090319	-35.734916
304	0.402682	75000	-0.090093	-35.825008
305	0.401235	75000	-0.090008	-35.915017
306	0.399791	75000	-0.089896	-36.004913
307	0.398350	75000	-0.089572	-36.094485
308	0.396913	75000	-0.089445	-36.183929
309	0.395478	75000	-0.089381	-36.273311
310	0.394047	75000	-0.089356	-36.362666
311	0.392619	75000	-0.089196	-36.451863
312	0.391194	75000	-0.088704	-36.540566
313	0.389772	75000	-0.088740	-36.629307
314	0.388353	75000	-0.088468	-36.717775
315	0.386937	75000	-0.088417	-36.806192
316	0.385524	75000	-0.088126	-36.894317
317	0.384115	75000	-0.087971	-36.982289
318	0.382708	75000	-0.087721	-37.070010
319	0.381305	75000	-0.087628	-37.157637
320	0.379904	75000	-0.087571	-37.245208
321	0.378507	75000	-0.087251	-37.332460
322	0.377113	75000	-0.087406	-37.419866
323	0.375722	75000	-0.086975	-37.506841
324	0.374334	75000	-0.087055	-37.593896
325	0.372949	75000	-0.086960	-37.680856
326	0.371567	75000	-0.086611	-37.767467
327	0.370189	75000	-0.086428	-37.853895
328	0.368813	75000	-0.086295	-37.940190
329	0.367440	75000	-0.086239	-38.026429
330	0.366071	75000	-0.086005	-38.112433
331	0.364705	75000	-0.085806	-38.198240
332	0.363341	75000	-0.085825	-38.284065
333	0.361981	75000	-0.085825	-38.369890
334	0.360624	75000	-0.085284	-38.455174
335	0.359269	75000	-0.085302	-38.540476
336	0.357918	75000	-0.084995	-38.625470
337	0.356570	75000	-0.084855	-38.710326
338	0.355225	75000	-0.084839	-38.795165
339	0.353883	75000	-0.084617	-38.879782
340	0.352544	75000	-0.084532	-38.964314
341	0.351208	75000	-0.084260	-39.048574
342	0.349875	75000	-0.084034	-39.132608
343	0.348546	75000	-0.084167	-39.216775
344	0.347219	75000	-0.083938	-39.300713
345	0.345895	75000	-0.083853	-39.384566
346	0.344574	75000	-0.083779	-39.468345
347	0.343257	75000	-0.083426	-39.551771
348	0.341942	75000	-0.083693	-39.635464
349	0.340630	75000	-0.083266	-39.718730
350	0.339322	75000	-0.082829	-39.801559
351	0.338016	75000	-0.082912	-39.884472
352	0.336714	75000	-0.082590	-39.967061
353	0.335414	75000	-0.082559	-40.049621
354	0.334118	75000	-0.082259	-40.131880
355	0.332824	75000	-0.082162	-40.214042
356	0.331534	75000	-0.081862	-40.295904
357	0.330246	75000	-0.082203	-40.378107
358	0.328962	75000	-0.081880	-40.459987
359	0.327680	75000	-0.081588	-40.541576
360	0.326401	75000	-0.082051	-40.623626
361	0.325126	75000	-0.081661	-40.705287
362	0.323853	75000	-0.081490	-40.786777
363	0.322584	75000	-0.081187	-40.867965
364	0.321317	75000	-0.081072	-40.949037
365	0.320054	75000	-0.080531	-41.029568
366	0.318793	75000	-0.080901	-41.110469
367	0.317536	75000	-0.080484	-41.190953
368	0.316281	75000	-0.080600	-41.271553
369	0.315030	75000	-0.080499	-41.352052
370	0.313781	75000	-0.080273	-41.432325
371	0.312535	75000	-0.080347	-41.512672
372	0.311293	75000	-0.079932	-41.592604
373	0.310053	75000	-0.080076	-41.672680
374	0.308816	75000	-0.079682	-41.752362
375	0.307582	75000	-0.079325	-41.831687
376	0.306352	75000	-0.079268	-41.910956
377	0.305124	75000	-0.079170	-41.990125
378	0.303899	75000	-0.079352	-42.069477
379	0.302677	75000	-0.078876	-42.148353
380	0.301458	75000	-0.078565	-42.226918
381	0.300242	75000	-0.078711	-42.305629
382	0.299029	75000	-0.078417	-42.384046
383	0.297819	75000	-0.078884	-42.462930
384	0.296611	75000	-0.078232	-42.541162
385	0.295407	75000	-0.078219	-42.619381
386	0.294206	75000	-0.078460	-42.697841
387	0.293007	75000	-0.078128	-42.775970
388	0.291812	75000	-0.077639	-42.853609
389	0.290619	75000	-0.077571	-42.931180
390	0.289430	75000	-0.077750	-43.008930
391	0.288243	75000	-0.077278	-43.086208
392	0.287059	75000	-0.077345	-43.163552
393	0.285879	75000	-0.077133	-43.240685
394	0.284701	75000	-0.076721	-43.317406
395	0.283526	75000	-0.076959	-43.394365
396	0.282354	75000	-0.077002	-43.471367
397	0.281184	75000	-0.076817	-43.548184
398	0.280018	75000	-0.076497	-43.624681
399	0.278855	75000	-0.076264	-43.700945
400	0.277694	75000	-0.076367	-43.777312
401	0.276537	75000	-0.076066	-43.853377
402	0.275382	75000	-0.076354	-43.929731
403	0.274230	75000	-0.075738	-44.005469
404	0.273082	75000	-0.075806	-44.081275
405	0.271936	75000	-0.075920	-44.157195
406	0.270793	75000	-0.075720	-44.232915
407	0.269652	75000	-0.075538	-44.308454
408	0.268515	75000	-0.075144	-44.383598
409	0.267381	75000	-0.075285	-44.458883
410	0.266249	75000	-0.075473	-44.534356
411	0.265121	75000	-0.074999	-44.609355
412	0.263995	75000	-0.074914	-44.684269
413	0.262872	75000	-0.074631	-44.758900
414	0.261752	75000	-0.075033	-44.833933
415	0.260635	75000	-0.074352	-44.908285
416	0.259520	75000	-0.074416	-44.982701
417	0.258409	75000	-0.074371	-45.057071
418	0.257300	75000	-0.074141	-45.131212
419	0.256195	75000	-0.074488	-45.205700
420	0.255092	75000	-0.074179	-45.279879
421	0.253992	75000	-0.073939	-45.353818
422	0.252895	75000	-0.074151	-45.427969
423	0.251800	75000	-0.073533	-45.501502
424	0.250709	75000	-0.073036	-45.574538
425	0.249620	75000	-0.073410	-45.647948
426	0.248534	75000	-0.073359	-45.721307
427	0.247451	75000	-0.073107	-45.794414
428	0.246371	75000	-0.073150	-45.867564
429	0.245294	75000	-0.073074	-45.940638
430	0.244220	75000	-0.072719	-46.013357
431	0.243148	75000	-0.072842	-46.086198
432	0.242079	75000	-0.072688	-46.158887
433	0.241013	75000	-0.072597	-46.231483
434	0.239950	75000	-0.072161	-46.303644
435	0.238890	75000	-0.072218	-46.375862
436	0.237832	75000	-0.072161	-46.448023
437	0.236778	75000	-0.072009	-46.520031
438	0.235726	75000	-0.071775	-46.591807
439	0.234677	75000	-0.072176	-46.663982
440	0.233630	75000	-0.072409	-46.736391
441	0.232587	75000	-0.072573	-46.808965
442	0.231546	75000	-0.071633	-46.880597
443	0.230509	75000	-0.071728	-46.952326
444	0.229473	75000	-0.071847	-47.024173
445	0.228441	75000	-0.071518	-47.095691
446	0.227412	75000	-0.071568	-47.167259
447	0.226385	75000	-0.071426	-47.238686
448	0.225361	75000	-0.070917	-47.309603
449	0.224340	75000	-0.070953	-47.380555
450	0.223322	75000	-0.071093	-47.451649
451	0.222306	75000	-0.070877	-47.522526
452	0.221293	75000	-0.070249	-47.592775
453	0.220283	75000	-0.070101	-47.662877
454	0.219276	75000	-0.070334	-47.733211
455	0.218272	75000	-0.070398	-47.803608
456	0.217270	75000	-0.070404	-47.874013
457	0.216271	75000	-0.069914	-47.943927
458	0.215275	75000	-0.070176	-48.014103
459	0.214281	75000	-0.069787	-48.083890
460	0.213291	75000	-0.069639	-48.153530
461	0.212303	75000	-0.070105	-48.223635
462	0.211318	75000	-0.069743	-48.293378
463	0.210335	75000	-0.069438	-48.362816
464	0.209356	75000	-0.069469	-48.432285
465	0.208379	75000	-0.069274	-48.501559
466	0.207404	75000	-0.069247	-48.570806
467	0.206433	75000	-0.069510	-48.640316
468	0.205464	75000	-0.069644	-48.709960
469	0.204498	75000	-0.069311	-48.779271
470	0.203535	75000	-0.069321	-48.848592
471	0.202575	75000	-0.069047	-48.917639
472	0.201617	75000	-0.068702	-48.986341
473	0.200662	75000	-0.068888	-49.055229
474	0.199709	75000	-0.068835	-49.124064
475	0.198760	75000	-0.068738	-49.192802
476	0.197813	75000	-0.068572	-49.261374
477	0.196869	75000	-0.068041	-49.329414
478	0.195927	75000	-0.068603	-49.398017
479	0.194988	75000	-0.068325	-49.466342
480	0.194052	75000	-0.068134	-49.534476
481	0.193119	75000	-0.068196	-49.602672
482	0.192188	75000	-0.067877	-49.670549
483	0.191260	75000	-0.068851	-49.739401
484	0.190335	75000	-0.068231	-49.807632
485	0.189412	75000	-0.067303	-49.874934
486	0.188492	75000	-0.068095	-49.943029
487	0.187575	75000	-0.067796	-50.010825
488	0.186660	75000	-0.067236	-50.078061
489	0.185749	75000	-0.067936	-50.145997
490	0.184839	75000	-0.067612	-50.213609
491	0.183933	75000	-0.067368	-50.280978
492	0.183029	75000	-0.067528	-50.348506
493	0.182128	75000	-0.067175	-50.415680
494	0.181229	75000	-0.067560	-50.483240
495	0.180333	75000	-0.067437	-50.550678
496	0.179440	75000	-0.066677	-50.617355
497	0.178550	75000	-0.066727	-50.684082
498	0.177662	75000	-0.066729	-50.750811
499	0.176777	75000	-0.067143	-50.817954
500	0.175894	75000	-0.067119	-50.885073
501	0.175014	75000	-0.066408	-50.951481
502	0.174137	75000	-0.066363	-51.017843
503	0.173262	75000	-0.066727	-51.084571
504	0.172390	75000	-0.065837	-51.150408
505	0.171521	75000	-0.067169	-51.217577
506	0.170654	75000	-0.066201	-51.283778
507	0.169790	75000	-0.066111	-51.349889
508	0.168929	75000	-0.066368	-51.416257
509	0.168070	75000	-0.066303	-51.482561
510	0.167214	75000	-0.066024	-51.548584
511	0.166360	75000	-0.065197	-51.613781
512	0.165509	75000	-0.065423	-51.679204
513	0.164661	75000	-0.065601	-51.744805
514	0.163815	75000	-0.065796	-51.810601
515	0.162972	75000	-0.065469	-51.876069
516	0.162132	75000	-0.065609	-51.941678
517	0.161294	75000	-0.065425	-52.007104
518	0.160458	75000	-0.065223	-52.072327
519	0.159626	75000	-0.065547	-52.137874
520	0.158796	75000	-0.064681	-52.202555
521	0.157968	75000	-0.064762	-52.267317
522	0.157143	75000	-0.064619	-52.331936
523	0.156321	75000	-0.064768	-52.396703
524	0.155501	75000	-0.064639	-52.461342
525	0.154684	75000	-0.063903	-52.525245
526	0.153870	75000	-0.064432	-52.589677
527	0.153058	75000	-0.064371	-52.654047
528	0.152248	75000	-0.064057	-52.718104
529	0.151441	75000	-0.064034	-52.782138
530	0.150637	75000	-0.064408	-52.846546
531	0.149835	75000	-0.064214	-52.910760
532	0.149036	75000	-0.063765	-52.974525
533	0.148240	75000	-0.064027	-53.038552
534	0.147446	75000	-0.064039	-53.102591
535	0.146654	75000	-0.063390	-53.165981
536	0.145865	75000	-0.063352	-53.229333
537	0.145079	75000	-0.063480	-53.292813
538	0.144295	75000	-0.063611	-53.356424
539	0.143514	75000	-0.063229	-53.419653
540	0.142735	75000	-0.062245	-53.481898
541	0.141959	75000	-0.063266	-53.545164
542	0.141186	75000	-0.063181	-53.608345
543	0.140415	75000	-0.062788	-53.671133
544	0.139646	75000	-0.062344	-53.733477
545	0.138880	75000	-0.062476	-53.795953
546	0.138116	75000	-0.062635	-53.858588
547	0.137356	75000	-0.062237	-53.920825
548	0.136597	75000	-0.061872	-53.982698
549	0.135841	75000	-0.062537	-54.045235
550	0.135088	75000	-0.062455	-54.107690
551	0.134337	75000	-0.061941	-54.169631
552	0.133588	75000	-0.061663	-54.231294
553	0.132843	75000	-0.062266	-54.293560
554	0.132099	75000	-0.061582	-54.355142
555	0.131358	75000	-0.061522	-54.416664
556	0.130620	75000	-0.061870	-54.478534
557	0.129884	75000	-0.061177	-54.539711
558	0.129151	75000	-0.061013	-54.600724
559	0.128420	75000	-0.061045	-54.661769
560	0.127691	75000	-0.060872	-54.722641
561	0.126965	75000	-0.060903	-54.783544
562	0.126242	75000	-0.060601	-54.844146
563	0.125521	75000	-0.060571	-54.904716
564	0.124802	75000	-0.060641	-54.965357
565	0.124086	75000	-0.060340	-55.025697
566	0.123373	75000	-0.060473	-55.086170
567	0.122662	75000	-0.060073	-55.146243
568	0.121953	75000	-0.059544	-55.205787
569	0.121247	75000	-0.059707	-55.265494
570	0.120543	75000	-0.059771	-55.325265
571	0.119842	75000	-0.059997	-55.385262
572	0.119143	75000	-0.059703	-55.444966
573	0.118447	75000	-0.059198	-55.504163
574	0.117753	75000	-0.059229	-55.563392
575	0.117062	75000	-0.059514	-55.622907
576	0.116373	75000	-0.058874	-55.681780
577	0.115686	75000	-0.059248	-55.741028
578	0.115002	75000	-0.058775	-55.799803
579	0.114320	75000	-0.058854	-55.858657
580	0.113641	75000	-0.058369	-55.917026
581	0.112964	75000	-0.058481	-55.975508
582	0.112290	75000	-0.058081	-56.033589
583	0.111618	75000	-0.058231	-56.091819
584	0.110948	75000	-0.058107	-56.149926
585	0.110281	75000	-0.057494	-56.207420
586	0.109616	75000	-0.057753	-56.265173
587	0.108954	75000	-0.057437	-56.322610
588	0.108294	75000	-0.057349	-56.379960
589	0.107637	75000	-0.057359	-56.437319
590	0.106981	75000	-0.056983	-56.494302
591	0.106329	75000	-0.056544	-56.550846
592	0.105678	75000	-0.057085	-56.607931
593	0.105030	75000	-0.056545	-56.664476
594	0.104385	75000	-0.056430	-56.720906
595	0.103742	75000	-0.056464	-56.777369
596	0.103101	75000	-0.056289	-56.833658
597	0.102463	75000	-0.056177	-56.889835
598	0.101827	75000	-0.055591	-56.945426
599	0.101193	75000	-0.055931	-57.001358
600	0.100562	75000	-0.055765	-57.057122
601	0.099933	75000	-0.055732	-57.112854
602	0.099306	75000	-0.055147	-57.168001
603	0.098682	75000	-0.054870	-57.222871
604	0.098060	75000	-0.055168	-57.278039
605	0.097441	75000	-0.055102	-57.333141
606	0.096824	75000	-0.054845	-57.387986
607	0.096209	75000	-0.054525	-57.442512
608	0.095596	75000	-0.054454	-57.496966
609	0.094986	75000	-0.054518	-57.551485
610	0.094379	75000	-0.054170	-57.605654
611	0.093773	75000	-0.054150	-57.659804
612	0.093170	75000	-0.053790	-57.713594
613	0.092570	75000	-0.053468	-57.767063
614	0.091971	75000	-0.053247	-57.820309
615	0.091375	75000	-0.053462	-57.873771
616	0.090781	75000	-0.052925	-57.926696
617	0.090190	75000	-0.053218	-57.979914
618	0.089601	75000	-0.053037	-58.032952
619	0.089014	75000	-0.052466	-58.085418
620	0.088430	75000	-0.052444	-58.137861
621	0.087848	75000	-0.052448	-58.190309
622	0.087268	75000	-0.052020	-58.242330
623	0.086690	75000	-0.051732	-58.294061
624	0.086115	75000	-0.051875	-58.345936
625	0.085542	75000	-0.051833	-58.397769
626	0.084971	75000	-0.051569	-58.449338
627	0.084403	75000	-0.051305	-58.500642
628	0.083837	75000	-0.050864	-58.551506
629	0.083273	75000	-0.051062	-58.602568
630	0.082712	75000	-0.050907	-58.653475
631	0.082152	75000	-0.050843	-58.704319
632	0.081595	75000	-0.050806	-58.755124
633	0.081041	75000	-0.050477	-58.805601
634	0.080488	75000	-0.050263	-58.855864
635	0.079938	75000	-0.050235	-58.906099
636	0.079390	75000	-0.049850	-58.955949
637	0.078845	75000	-0.049804	-59.005752
638	0.078301	75000	-0.049533	-59.055286
639	0.077760	75000	-0.049529	-59.104814
640	0.077221	75000	-0.049323	-59.154137
641	0.076684	75000	-0.048903	-59.203040
642	0.076150	75000	-0.048929	-59.251970
643	0.075618	75000	-0.048694	-59.300664
644	0.075088	75000	-0.048465	-59.349129
645	0.074560	75000	-0.048312	-59.397441
646	0.074035	75000	-0.048502	-59.445942
647	0.073512	75000	-0.047964	-59.493906
648	0.072991	75000	-0.047891	-59.541797
649	0.072472	75000	-0.047881	-59.589677
650	0.071955	75000	-0.047478	-59.637155
651	0.071441	75000	-0.047247	-59.684402
652	0.070929	75000	-0.047302	-59.731704
653	0.070419	75000	-0.046894	-59.778598
654	0.069911	75000	-0.046753	-59.825351
655	0.069406	75000	-0.046513	-59.871863
656	0.068903	75000	-0.046643	-59.918506
657	0.068401	75000	-0.046288	-59.964794
658	0.067903	75000	-0.046273	-60.011068
659	0.067406	75000	-0.046055	-60.057123
660	0.066911	75000	-0.045823	-60.102946
661	0.066419	75000	-0.045508	-60.148454
662	0.065929	75000	-0.045477	-60.193930
663	0.065441	75000	-0.045339	-60.239269
664	0.064955	75000	-0.045262	-60.284531
665	0.064471	75000	-0.044902	-60.329433
666	0.063990	75000	-0.044550	-60.373982
667	0.063510	75000	-0.044755	-60.418737
668	0.063033	75000	-0.044456	-60.463193
669	0.062558	75000	-0.044175	-60.507368
670	0.062085	75000	-0.043987	-60.551355
671	0.061615	75000	-0.043795	-60.595150
672	0.061146	75000	-0.043503	-60.638653
673	0.060680	75000	-0.043514	-60.682167
674	0.060216	75000	-0.043311	-60.725479
675	0.059753	75000	-0.043188	-60.768667
676	0.059293	75000	-0.043031	-60.811698
677	0.058836	75000	-0.042720	-60.854418
678	0.058380	75000	-0.042678	-60.897097
679	0.057926	75000	-0.042473	-60.939570
680	0.057475	75000	-0.042373	-60.981943
681	0.057025	75000	-0.042161	-61.024103
682	0.056578	75000	-0.042016	-61.066119
683	0.056133	75000	-0.041634	-61.107754
684	0.055690	75000	-0.041490	-61.149243
685	0.055249	75000	-0.041406	-61.190649
686	0.054810	75000	-0.041255	-61.231904
687	0.054373	75000	-0.040965	-61.272869
688	0.053939	75000	-0.040910	-61.313779
689	0.053506	75000	-0.040713	-61.354491
690	0.053076	75000	-0.040591	-61.395082
691	0.052647	75000	-0.040418	-61.435500
692	0.052221	75000	-0.040291	-61.475791
693	0.051797	75000	-0.040127	-61.515918
694	0.051375	75000	-0.039836	-61.555754
695	0.050955	75000	-0.039624	-61.595378
696	0.050537	75000	-0.039552	-61.634930
697	0.050121	75000	-0.039374	-61.674304
698	0.049707	75000	-0.039037	-61.713342
699	0.049295	75000	-0.038880	-61.752222
700	0.048885	75000	-0.038834	-61.791056
701	0.048478	75000	-0.038630	-61.829686
702	0.048072	75000	-0.038396	-61.868082
703	0.047668	75000	-0.038176	-61.906258
704	0.047267	75000	-0.038163	-61.944421
705	0.046867	75000	-0.037701	-61.982123
706	0.046470	75000	-0.037774	-62.019897
707	0.046074	75000	-0.037497	-62.057394
708	0.045681	75000	-0.037379	-62.094773
709	0.045289	75000	-0.037036	-62.131809
710	0.044900	75000	-0.037041	-62.168849
711	0.044512	75000	-0.036797	-62.205647
712	0.044127	75000	-0.036577	-62.242224
713	0.043744	75000	-0.036442	-62.278665
714	0.043362	75000	-0.036289	-62.314954
715	0.042983	75000	-0.036176	-62.351130
716	0.042606	75000	-0.035879	-62.387009
717	0.042230	75000	-0.035779	-62.422788
718	0.041857	75000	-0.035615	-62.458403
719	0.041485	75000	-0.035462	-62.493865
720	0.041116	75000	-0.035242	-62.529107
721	0.040749	75000	-0.035146	-62.564253
722	0.040383	75000	-0.034804	-62.599057
723	0.040020	75000	-0.034712	-62.633769
724	0.039658	75000	-0.034432	-62.668201
725	0.039299	75000	-0.034303	-62.702504
726	0.038941	75000	-0.034200	-62.736704
727	0.038585	75000	-0.033912	-62.770616
728	0.038232	75000	-0.033761	-62.804377
729	0.037880	75000	-0.033655	-62.838032
730	0.037530	75000	-0.033576	-62.871608
731	0.037182	75000	-0.033308	-62.904916
732	0.036836	75000	-0.033075	-62.937991
733	0.036493	75000	-0.032993	-62.970984
734	0.036151	75000	-0.032712	-63.003696
735	0.035810	75000	-0.032581	-63.036278
736	0.035472	75000	-0.032388	-63.068666
737	0.035136	75000	-0.032279	-63.100945
738	0.034802	75000	-0.032002	-63.132947
739	0.034469	75000	-0.031879	-63.164826
740	0.034139	75000	-0.031738	-63.196564
741	0.033810	75000	-0.031661	-63.228225
742	0.033484	75000	-0.031396	-63.259621
743	0.033159	75000	-0.031186	-63.290808
744	0.032836	75000	-0.031079	-63.321886
745	0.032515	75000	-0.030820	-63.352706
746	0.032196	75000	-0.030689	-63.383395
747	0.031879	75000	-0.030545	-63.413940
748	0.031563	75000	-0.030359	-63.444299
749	0.031250	75000	-0.030168	-63.474467
750	0.030938	75000	-0.029956	-63.504423
751	0.030629	75000	-0.029749	-63.534172
752	0.030321	75000	-0.029638	-63.563810
753	0.030015	75000	-0.029485	-63.593295
754	0.029711	75000	-0.029226	-63.622520
755	0.029409	75000	-0.029030	-63.651551
756	0.029108	75000	-0.028922	-63.680473
757	0.028810	75000	-0.028774	-63.709247
758	0.028513	75000	-0.028626	-63.737873
759	0.028218	75000	-0.028385	-63.766258
760	0.027925	75000	-0.028220	-63.794478
761	0.027634	75000	-0.028115	-63.822593
762	0.027345	75000	-0.027933	-63.850527
763	0.027057	75000	-0.027773	-63.878300
764	0.026771	75000	-0.027579	-63.905878
765	0.026487	75000	-0.027374	-63.933252
766	0.026205	75000	-0.027229	-63.960481
767	0.025925	75000	-0.027117	-63.987599
768	0.025647	75000	-0.026931	-64.014530
769	0.025370	75000	-0.026702	-64.041232
770	0.025095	75000	-0.026608	-64.067840
771	0.024822	75000	-0.026458	-64.094298
772	0.024551	75000	-0.026273	-64.120571
773	0.024281	75000	-0.026139	-64.146710
774	0.024014	75000	-0.025943	-64.172653
775	0.023748	75000	-0.025714	-64.198367
776	0.023483	75000	-0.025603	-64.223969
777	0.023221	75000	-0.025402	-64.249372
778	0.022960	75000	-0.025262	-64.274634
779	0.022702	75000	-0.025068	-64.299702
780	0.022445	75000	-0.024914	-64.324617
781	0.022189	75000	-0.024757	-64.349373
782	0.021936	75000	-0.024617	-64.373991
783	0.021684	75000	-0.024416	-64.398407
784	0.021434	75000	-0.024282	-64.422689
785	0.021185	75000	-0.024016	-64.446704
786	0.020939	75000	-0.023913	-64.470618
787	0.020694	75000	-0.023775	-64.494393
788	0.020451	75000	-0.023615	-64.518008
789	0.020209	75000	-0.023458	-64.541466
790	0.019969	75000	-0.023297	-64.564763
791	0.019731	75000	-0.023142	-64.587905
792	0.019495	75000	-0.022975	-64.610879
793	0.019261	75000	-0.022768	-64.633648
794	0.019028	75000	-0.022638	-64.656286
795	0.018796	75000	-0.022463	-64.678749
796	0.018567	75000	-0.022333	-64.701082
797	0.018339	75000	-0.022105	-64.723187
798	0.018113	75000	-0.021997	-64.745184
799	0.017889	75000	-0.021823	-64.767007
800	0.017666	75000	-0.021660	-64.788667
801	0.017445	75000	-0.021504	-64.810171
802	0.017225	75000	-0.021356	-64.831527
803	0.017007	75000	-0.021184	-64.852711
804	0.016791	75000	-0.021039	-64.873750
805	0.016577	75000	-0.020854	-64.894604
806	0.016364	75000	-0.020694	-64.915298
807	0.016153	75000	-0.020549	-64.935848
808	0.015943	75000	-0.020424	-64.956272
809	0.015736	75000	-0.020266	-64.976538
810	0.015529	75000	-0.020097	-64.996635
811	0.015325	75000	-0.019979	-65.016614
812	0.015122	75000	-0.019765	-65.036380
813	0.014920	75000	-0.019598	-65.055978
814	0.014721	75000	-0.019462	-65.075440
815	0.014523	75000	-0.019298	-65.094737
816	0.014326	75000	-0.019172	-65.113910
817	0.014131	75000	-0.018968	-65.132878
818	0.013938	75000	-0.018842	-65.151720
819	0.013746	75000	-0.018689	-65.170409
820	0.013556	75000	-0.018553	-65.188962
821	0.013367	75000	-0.018397	-65.207359
822	0.013181	75000	-0.018280	-65.225638
823	0.012995	75000	-0.018070	-65.243708
824	0.012811	75000	-0.017959	-65.261667
825	0.012629	75000	-0.017813	-65.279480
826	0.012448	75000	-0.017663	-65.297143
827	0.012269	75000	-0.017474	-65.314617
828	0.012092	75000	-0.017339	-65.331956
829	0.011916	75000	-0.017211	-65.349168
830	0.011741	75000	-0.017032	-65.366200
831	0.011568	75000	-0.016954	-65.383154
832	0.011397	75000	-0.016757	-65.399911
833	0.011227	75000	-0.016584	-65.416495
834	0.011059	75000	-0.016474	-65.432969
835	0.010892	75000	-0.016283	-65.449252
836	0.010727	75000	-0.016163	-65.465415
837	0.010563	75000	-0.016036	-65.481451
838	0.010401	75000	-0.015843	-65.497294
839	0.010240	75000	-0.015714	-65.513009
840	0.010081	75000	-0.015559	-65.528568
841	0.009923	75000	-0.015438	-65.544006
842	0.009767	75000	-0.015282	-65.559288
843	0.009612	75000	-0.015133	-65.574421
844	0.009459	75000	-0.014985	-65.589406
845	0.009307	75000	-0.014852	-65.604258
846	0.009156	75000	-0.014721	-65.618979
847	0.009008	75000	-0.014560	-65.633539
848	0.008860	75000	-0.014421	-65.647960
849	0.008714	75000	-0.014278	-65.662238
850	0.008570	75000	-0.014157	-65.676395
851	0.008427	75000	-0.014026	-65.690421
852	0.008285	75000	-0.013886	-65.704307
853	0.008145	75000	-0.013739	-65.718046
854	0.008006	75000	-0.013587	-65.731634
855	0.007869	75000	-0.013428	-65.745062
856	0.007733	75000	-0.013299	-65.758361
857	0.007598	75000	-0.013182	-65.771543
858	0.007465	75000	-0.013059	-65.784602
859	0.007334	75000	-0.012890	-65.797492
860	0.007203	75000	-0.012756	-65.810248
861	0.007075	75000	-0.012645	-65.822893
862	0.006947	75000	-0.012493	-65.835386
863	0.006821	75000	-0.012370	-65.847756
864	0.006696	75000	-0.012219	-65.859976
865	0.006573	75000	-0.012075	-65.872050
866	0.006451	75000	-0.011943	-65.883993
867	0.006330	75000	-0.011816	-65.895808
868	0.006211	75000	-0.011676	-65.907485
869	0.006093	75000	-0.011552	-65.919036
870	0.005977	75000	-0.011442	-65.930479
871	0.005862	75000	-0.011284	-65.941763
872	0.005748	75000	-0.011145	-65.952908
873	0.005635	75000	-0.011047	-65.963954
874	0.005524	75000	-0.010912	-65.974866
875	0.005414	75000	-0.010779	-65.985645
876	0.005306	75000	-0.010662	-65.996307
877	0.005199	75000	-0.010522	-66.006829
878	0.005093	75000	-0.010388	-66.017216
879	0.004988	75000	-0.010250	-66.027466
880	0.004885	75000	-0.010137	-66.037603
881	0.004783	75000	-0.010018	-66.047621
882	0.004682	75000	-0.009892	-66.057514
883	0.004583	75000	-0.009758	-66.067272
884	0.004485	75000	-0.009633	-66.076905
885	0.004388	75000	-0.009490	-66.086395
886	0.004292	75000	-0.009359	-66.095753
887	0.004198	75000	-0.009268	-66.105021
888	0.004105	75000	-0.009115	-66.114137
889	0.004013	75000	-0.009011	-66.123148
890	0.003923	75000	-0.008889	-66.132037
891	0.003833	75000	-0.008785	-66.140822
892	0.003745	75000	-0.008630	-66.149452
893	0.003658	75000	-0.008533	-66.157986
894	0.003573	75000	-0.008411	-66.166397
895	0.003488	75000	-0.008301	-66.174698
896	0.003405	75000	-0.008174	-66.182872
897	0.003323	75000	-0.008066	-66.190938
898	0.003242	75000	-0.007942	-66.198880
899	0.003162	75000	-0.007816	-66.206696
900	0.003084	75000	-0.007696	-66.214392
901	0.003007	75000	-0.007602	-66.221995
902	0.002930	75000	-0.007480	-66.229475
903	0.002855	75000	-0.007362	-66.236836
904	0.002782	75000	-0.007259	-66.244095
905	0.002709	75000	-0.007138	-66.251233
906	0.002638	75000	-0.007022	-66.258255
907	0.002567	75000	-0.006908	-66.265162
908	0.002498	75000	-0.006783	-66.271945
909	0.002430	75000	-0.006675	-66.278620
910	0.002363	75000	-0.006584	-66.285204
911	0.002297	75000	-0.006479	-66.291684
912	0.002233	75000	-0.006372	-66.298056
913	0.002169	75000	-0.006244	-66.304300
914	0.002106	75000	-0.006142	-66.310442
915	0.002045	75000	-0.006035	-66.316476
916	0.001985	75000	-0.005932	-66.322408
917	0.001925	75000	-0.005829	-66.328237
918	0.001867	75000	-0.005725	-66.333962
919	0.001810	75000	-0.005618	-66.339580
920	0.001754	75000	-0.005498	-66.345078
921	0.001699	75000	-0.005409	-66.350487
922	0.001645	75000	-0.005311	-66.355798
923	0.001592	75000	-0.005209	-66.361007
924	0.001540	75000	-0.005097	-66.366105
925	0.001490	75000	-0.004998	-66.371103
926	0.001440	75000	-0.004911	-66.376014
927	0.001391	75000	-0.004799	-66.380813
928	0.001343	75000	-0.004701	-66.385514
929	0.001296	75000	-0.004600	-66.390114
930	0.001251	75000	-0.004506	-66.394620
931	0.001206	75000	-0.004419	-66.399038
932	0.001162	75000	-0.004313	-66.403351
933	0.001119	75000	-0.004221	-66.407572
934	0.001077	75000	-0.004122	-66.411694
935	0.001036	75000	-0.004033	-66.415728
936	0.000996	75000	-0.003935	-66.419663
937	0.000957	75000	-0.003843	-66.423506
938	0.000919	75000	-0.003746	-66.427252
939	0.000882	75000	-0.003659	-66.430911
940	0.000846	75000	-0.003565	-66.434477
941	0.000810	75000	-0.003482	-66.437958
942	0.000776	75000	-0.003392	-66.441350
943	0.000742	75000	-0.003304	-66.444654
944	0.000709	75000	-0.003215	-66.447869
945	0.000678	75000	-0.003131	-66.451000
946	0.000647	75000	-0.003043	-66.454043
947	0.000617	75000	-0.002965	-66.457007
948	0.000587	75000	-0.002873	-66.459880
949	0.000559	75000	-0.002791	-66.462672
950	0.000531	75000	-0.002709	-66.465381
951	0.000505	75000	-0.002633	-66.468014
952	0.000479	75000	-0.002551	-66.470565
953	0.000454	75000	-0.002467	-66.473033
954	0.000430	75000	-0.002390	-66.475422
955	0.000406	75000	-0.002308	-66.477730
956	0.000383	75000	-0.002235	-66.479966
957	0.000362	75000	-0.002154	-66.482119
958	0.000340	75000	-0.002083	-66.484202
959	0.000320	75000	-0.002006	-66.486208
960	0.000300	75000	-0.001939	-66.488147
961	0.000281	75000	-0.001863	-66.490010
962	0.000263	75000	-0.001791	-66.491801
963	0.000246	75000	-0.001717	-66.493518
964	0.000229	75000	-0.001648	-66.495166
965	0.000213	75000	-0.001576	-66.496742
966	0.000198	75000	-0.001509	-66.498251
967	0.000183	75000	-0.001443	-66.499694
968	0.000169	75000	-0.001375	-66.501070
969	0.000156	75000	-0.001311	-66.502381
970	0.000143	75000	-0.001248	-66.503629
971	0.000131	75000	-0.001185	-66.504814
972	0.000120	75000	-0.001121	-66.505936
973	0.000109	75000	-0.001062	-66.506997
974	0.000099	75000	-0.001003	-66.508000
975	0.000089	75000	-0.000944	-66.508944
976	0.000080	75000	-0.000888	-66.509832
977	0.000072	75000	-0.000831	-66.510664
978	0.000064	75000	-0.000775	-66.511439
979	0.000057	75000	-0.000722	-66.512161
980	0.000050	75000	-0.000669	-66.512830
981	0.000043	75000	-0.000619	-66.513449
982	0.000038	75000	-0.000569	-66.514018
983	0.000032	75000	-0.000521	-66.514539
984	0.000028	75000	-0.000475	-66.515014
985	0.000023	75000	-0.000430	-66.515445
986	0.000019	75000	-0.000386	-66.515830
987	0.000016	75000	-0.000344	-66.516174
988	0.000013	75000	-0.000304	-66.516478
989	0.000010	75000	-0.000265	-66.516743
990	0.000008	75000	-0.000228	-66.516971
991	0.000006	75000	-0.000193	-66.517164
992	0.000004	75000	-0.000160	-66.517324
993	0.000003	75000	-0.000129	-66.517453
994	0.000002	75000	-0.000100	-66.517553
995	0.000001	75000	-0.000074	-66.517628
996	0.000000	75000	-0.000051	-66.517679
997	0.000000	75000	-0.000031	-66.517710
998	0.000000	75000	-0.000014	-66.517724
999	0.000000	75000	-0.000003	-66.517727
Log marginal likelihood:	-66.517727
