Steppingstone sampler:
        No Stones:                  1000
        Start It:                   10000001
        It Per Stone:               100000
        Sample Freq:                1
        Dist:                       Beta(0.400000,1.000000)
Stone No	Power	N	Stone MLh	Running MLh
0	0.997502	75000	-0.149894	-0.149894
1	0.995007	75000	-0.149584	-0.299478
2	0.992517	75000	-0.149631	-0.449109
3	0.990030	75000	-0.149430	-0.598540
4	0.987547	75000	-0.149178	-0.747717
5	0.985067	75000	-0.148728	-0.896445
6	0.982592	75000	-0.148671	-1.045117
7	0.980120	75000	-0.148478	-1.193595
8	0.977652	75000	-0.148462	-1.342057
9	0.975187	75000	-0.148073	-1.490130
10	0.972726	75000	-0.147909	-1.638039
11	0.970269	75000	-0.147702	-1.785742
12	0.967816	75000	-0.147351	-1.933092
13	0.965367	75000	-0.147111	-2.080204
14	0.962921	75000	-0.147070	-2.227274
15	0.960479	75000	-0.146748	-2.374022
16	0.958040	75000	-0.146611	-2.520634
17	0.955606	75000	-0.146477	-2.667110
18	0.953175	75000	-0.146233	-2.813343
19	0.950747	75000	-0.146044	-2.959387
20	0.948324	75000	-0.145831	-3.105218
21	0.945904	75000	-0.145617	-3.250835
22	0.943488	75000	-0.145416	-3.396251
23	0.941076	75000	-0.145175	-3.541426
24	0.938667	75000	-0.144910	-3.686336
25	0.936262	75000	-0.144779	-3.831115
26	0.933861	75000	-0.144696	-3.975811
27	0.931463	75000	-0.144302	-4.120113
28	0.929069	75000	-0.144185	-4.264297
29	0.926679	75000	-0.143854	-4.408152
30	0.924293	75000	-0.143839	-4.551991
31	0.921910	75000	-0.143501	-4.695492
32	0.919531	75000	-0.143468	-4.838960
33	0.917155	75000	-0.143067	-4.982027
34	0.914783	75000	-0.142949	-5.124976
35	0.912415	75000	-0.142589	-5.267565
36	0.910051	75000	-0.142404	-5.409969
37	0.907690	75000	-0.142270	-5.552239
38	0.905333	75000	-0.142113	-5.694352
39	0.902980	75000	-0.141763	-5.836115
40	0.900630	75000	-0.141739	-5.977854
41	0.898284	75000	-0.141363	-6.119217
42	0.895942	75000	-0.141334	-6.260551
43	0.893603	75000	-0.141098	-6.401649
44	0.891268	75000	-0.140906	-6.542555
45	0.888937	75000	-0.140709	-6.683264
46	0.886609	75000	-0.140357	-6.823621
47	0.884285	75000	-0.140357	-6.963977
48	0.881965	75000	-0.139984	-7.103961
49	0.879648	75000	-0.139821	-7.243782
50	0.877335	75000	-0.139708	-7.383490
51	0.875026	75000	-0.139432	-7.522922
52	0.872720	75000	-0.139193	-7.662115
53	0.870418	75000	-0.139037	-7.801153
54	0.868120	75000	-0.138768	-7.939920
55	0.865825	75000	-0.138564	-8.078484
56	0.863534	75000	-0.138431	-8.216915
57	0.861246	75000	-0.138243	-8.355158
58	0.858962	75000	-0.138040	-8.493198
59	0.856682	75000	-0.137874	-8.631072
60	0.854405	75000	-0.137708	-8.768780
61	0.852132	75000	-0.137326	-8.906106
62	0.849863	75000	-0.137210	-9.043316
63	0.847597	75000	-0.136853	-9.180169
64	0.845335	75000	-0.136735	-9.316905
65	0.843077	75000	-0.136487	-9.453392
66	0.840822	75000	-0.136217	-9.589610
67	0.838571	75000	-0.136242	-9.725851
68	0.836323	75000	-0.135798	-9.861650
69	0.834079	75000	-0.135722	-9.997371
70	0.831839	75000	-0.135512	-10.132883
71	0.829602	75000	-0.135327	-10.268210
72	0.827369	75000	-0.135145	-10.403354
73	0.825140	75000	-0.134861	-10.538215
74	0.822914	75000	-0.134711	-10.672926
75	0.820691	75000	-0.134616	-10.807541
76	0.818473	75000	-0.134281	-10.941822
77	0.816258	75000	-0.134063	-11.075885
78	0.814046	75000	-0.133967	-11.209852
79	0.811838	75000	-0.133621	-11.343473
80	0.809634	75000	-0.133531	-11.477004
81	0.807433	75000	-0.133321	-11.610325
82	0.805236	75000	-0.133077	-11.743402
83	0.803043	75000	-0.132937	-11.876340
84	0.800853	75000	-0.132829	-12.009168
85	0.798667	75000	-0.132412	-12.141580
86	0.796484	75000	-0.132375	-12.273955
87	0.794305	75000	-0.132198	-12.406154
88	0.792129	75000	-0.131760	-12.537913
89	0.789957	75000	-0.131561	-12.669474
90	0.787789	75000	-0.131497	-12.800971
91	0.785624	75000	-0.131298	-12.932270
92	0.783463	75000	-0.131090	-13.063360
93	0.781305	75000	-0.130872	-13.194233
94	0.779151	75000	-0.130803	-13.325035
95	0.777000	75000	-0.130596	-13.455632
96	0.774853	75000	-0.130157	-13.585789
97	0.772710	75000	-0.130192	-13.715981
98	0.770570	75000	-0.129912	-13.845893
99	0.768433	75000	-0.129700	-13.975593
100	0.766301	75000	-0.129437	-14.105031
101	0.764172	75000	-0.129145	-14.234175
102	0.762046	75000	-0.129076	-14.363251
103	0.759924	75000	-0.128957	-14.492208
104	0.757805	75000	-0.128778	-14.620987
105	0.755690	75000	-0.128447	-14.749433
106	0.753579	75000	-0.128270	-14.877704
107	0.751471	75000	-0.128096	-15.005800
108	0.749366	75000	-0.127777	-15.133577
109	0.747266	75000	-0.127628	-15.261206
110	0.745168	75000	-0.127328	-15.388533
111	0.743075	75000	-0.127258	-15.515791
112	0.740984	75000	-0.127154	-15.642945
113	0.738898	75000	-0.126855	-15.769801
114	0.736815	75000	-0.126707	-15.896508
115	0.734735	75000	-0.126624	-16.023132
116	0.732659	75000	-0.126401	-16.149532
117	0.730586	75000	-0.126054	-16.275586
118	0.728517	75000	-0.125998	-16.401584
119	0.726452	75000	-0.125784	-16.527368
120	0.724390	75000	-0.125471	-16.652839
121	0.722331	75000	-0.125359	-16.778198
122	0.720276	75000	-0.125052	-16.903250
123	0.718225	75000	-0.124929	-17.028179
124	0.716177	75000	-0.124823	-17.153002
125	0.714132	75000	-0.124697	-17.277699
126	0.712091	75000	-0.124325	-17.402024
127	0.710054	75000	-0.124304	-17.526328
128	0.708020	75000	-0.123825	-17.650153
129	0.705989	75000	-0.123806	-17.773959
130	0.703962	75000	-0.123392	-17.897351
131	0.701939	75000	-0.123361	-18.020712
132	0.699919	75000	-0.123043	-18.143754
133	0.697902	75000	-0.122907	-18.266661
134	0.695889	75000	-0.122789	-18.389450
135	0.693880	75000	-0.122669	-18.512119
136	0.691874	75000	-0.122410	-18.634529
137	0.689871	75000	-0.122235	-18.756764
138	0.687872	75000	-0.121988	-18.878753
139	0.685877	75000	-0.121689	-19.000442
140	0.683885	75000	-0.121640	-19.122082
141	0.681896	75000	-0.121386	-19.243468
142	0.679911	75000	-0.121169	-19.364637
143	0.677929	75000	-0.121007	-19.485645
144	0.675951	75000	-0.120851	-19.606495
145	0.673976	75000	-0.120593	-19.727088
146	0.672005	75000	-0.120362	-19.847449
147	0.670037	75000	-0.120368	-19.967818
148	0.668073	75000	-0.120193	-20.088011
149	0.666112	75000	-0.119921	-20.207932
150	0.664155	75000	-0.119627	-20.327559
151	0.662201	75000	-0.119474	-20.447032
152	0.660250	75000	-0.119312	-20.566344
153	0.658303	75000	-0.119053	-20.685397
154	0.656359	75000	-0.118985	-20.804382
155	0.654419	75000	-0.118667	-20.923050
156	0.652483	75000	-0.118493	-21.041542
157	0.650549	75000	-0.118360	-21.159902
158	0.648619	75000	-0.118150	-21.278052
159	0.646693	75000	-0.117874	-21.395926
160	0.644770	75000	-0.117780	-21.513707
161	0.642851	75000	-0.117562	-21.631269
162	0.640934	75000	-0.117349	-21.748617
163	0.639022	75000	-0.117290	-21.865908
164	0.637113	75000	-0.116884	-21.982792
165	0.635207	75000	-0.116871	-22.099663
166	0.633304	75000	-0.116626	-22.216289
167	0.631405	75000	-0.116465	-22.332753
168	0.629510	75000	-0.116160	-22.448913
169	0.627618	75000	-0.116122	-22.565035
170	0.625729	75000	-0.115710	-22.680745
171	0.623844	75000	-0.115534	-22.796279
172	0.621962	75000	-0.115426	-22.911705
173	0.620083	75000	-0.115108	-23.026813
174	0.618208	75000	-0.114966	-23.141778
175	0.616337	75000	-0.114873	-23.256652
176	0.614468	75000	-0.114702	-23.371354
177	0.612604	75000	-0.114605	-23.485959
178	0.610742	75000	-0.114203	-23.600162
179	0.608884	75000	-0.114081	-23.714243
180	0.607029	75000	-0.113908	-23.828151
181	0.605178	75000	-0.113763	-23.941914
182	0.603330	75000	-0.113547	-24.055461
183	0.601486	75000	-0.113392	-24.168853
184	0.599645	75000	-0.113210	-24.282064
185	0.597807	75000	-0.112900	-24.394963
186	0.595973	75000	-0.112826	-24.507790
187	0.594142	75000	-0.112685	-24.620474
188	0.592314	75000	-0.112407	-24.732882
189	0.590490	75000	-0.112128	-24.845010
190	0.588669	75000	-0.112000	-24.957010
191	0.586852	75000	-0.111904	-25.068915
192	0.585038	75000	-0.111608	-25.180522
193	0.583227	75000	-0.111408	-25.291930
194	0.581420	75000	-0.111290	-25.403220
195	0.579616	75000	-0.111062	-25.514282
196	0.577815	75000	-0.110847	-25.625129
197	0.576018	75000	-0.110545	-25.735673
198	0.574224	75000	-0.110341	-25.846014
199	0.572433	75000	-0.110455	-25.956469
200	0.570646	75000	-0.110104	-26.066573
201	0.568862	75000	-0.109945	-26.176518
202	0.567082	75000	-0.109637	-26.286154
203	0.565305	75000	-0.109500	-26.395654
204	0.563531	75000	-0.109301	-26.504955
205	0.561761	75000	-0.109372	-26.614328
206	0.559993	75000	-0.109071	-26.723399
207	0.558230	75000	-0.108733	-26.832132
208	0.556469	75000	-0.108588	-26.940720
209	0.554712	75000	-0.108419	-27.049139
210	0.552958	75000	-0.108267	-27.157407
211	0.551208	75000	-0.107978	-27.265384
212	0.549461	75000	-0.108060	-27.373445
213	0.547717	75000	-0.107692	-27.481137
214	0.545977	75000	-0.107482	-27.588619
215	0.544240	75000	-0.107375	-27.695993
216	0.542506	75000	-0.107269	-27.803263
217	0.540775	75000	-0.106960	-27.910222
218	0.539048	75000	-0.106865	-28.017087
219	0.537324	75000	-0.106636	-28.123724
220	0.535604	75000	-0.106363	-28.230087
221	0.533887	75000	-0.106278	-28.336365
222	0.532173	75000	-0.106066	-28.442431
223	0.530462	75000	-0.105760	-28.548191
224	0.528755	75000	-0.105886	-28.654077
225	0.527051	75000	-0.105427	-28.759504
226	0.525350	75000	-0.105392	-28.864896
227	0.523653	75000	-0.105077	-28.969973
228	0.521958	75000	-0.105100	-29.075073
229	0.520268	75000	-0.104900	-29.179973
230	0.518580	75000	-0.104627	-29.284601
231	0.516896	75000	-0.104391	-29.388992
232	0.515215	75000	-0.104390	-29.493382
233	0.513537	75000	-0.104005	-29.597387
234	0.511863	75000	-0.103840	-29.701226
235	0.510192	75000	-0.103623	-29.804849
236	0.508524	75000	-0.103448	-29.908297
237	0.506859	75000	-0.103286	-30.011583
238	0.505198	75000	-0.103170	-30.114753
239	0.503540	75000	-0.102838	-30.217591
240	0.501885	75000	-0.102843	-30.320434
241	0.500234	75000	-0.102709	-30.423143
242	0.498586	75000	-0.102364	-30.525507
243	0.496941	75000	-0.102346	-30.627853
244	0.495299	75000	-0.102160	-30.730013
245	0.493660	75000	-0.102053	-30.832066
246	0.492025	75000	-0.101594	-30.933660
247	0.490393	75000	-0.101556	-31.035216
248	0.488765	75000	-0.101223	-31.136439
249	0.487139	75000	-0.101091	-31.237529
250	0.485517	75000	-0.100946	-31.338475
251	0.483898	75000	-0.100801	-31.439276
252	0.482283	75000	-0.100585	-31.539861
253	0.480670	75000	-0.100422	-31.640282
254	0.479061	75000	-0.100292	-31.740574
255	0.477455	75000	-0.100107	-31.840681
256	0.475852	75000	-0.099824	-31.940505
257	0.474253	75000	-0.099661	-32.040166
258	0.472656	75000	-0.099620	-32.139786
259	0.471063	75000	-0.099243	-32.239028
260	0.469474	75000	-0.099152	-32.338180
261	0.467887	75000	-0.098963	-32.437144
262	0.466304	75000	-0.098839	-32.535982
263	0.464723	75000	-0.098524	-32.634506
264	0.463146	75000	-0.098478	-32.732985
265	0.461573	75000	-0.098283	-32.831268
266	0.460002	75000	-0.098292	-32.929559
267	0.458435	75000	-0.097861	-33.027421
268	0.456871	75000	-0.097851	-33.125272
269	0.455310	75000	-0.097560	-33.222831
270	0.453752	75000	-0.097471	-33.320303
271	0.452198	75000	-0.097266	-33.417569
272	0.450647	75000	-0.097012	-33.514581
273	0.449098	75000	-0.096945	-33.611526
274	0.447554	75000	-0.096667	-33.708193
275	0.446012	75000	-0.096514	-33.804707
276	0.444473	75000	-0.096226	-33.900933
277	0.442938	75000	-0.096199	-33.997132
278	0.441406	75000	-0.096083	-34.093215
279	0.439877	75000	-0.095744	-34.188959
280	0.438351	75000	-0.095585	-34.284545
281	0.436829	75000	-0.095490	-34.380035
282	0.435309	75000	-0.095249	-34.475284
283	0.433793	75000	-0.095108	-34.570392
284	0.432280	75000	-0.095038	-34.665430
285	0.430770	75000	-0.094777	-34.760207
286	0.429263	75000	-0.094724	-34.854931
287	0.427760	75000	-0.094442	-34.949373
288	0.426259	75000	-0.094301	-35.043675
289	0.424762	75000	-0.094107	-35.137782
290	0.423268	75000	-0.094065	-35.231846
291	0.421777	75000	-0.093792	-35.325638
292	0.420289	75000	-0.093556	-35.419194
293	0.418805	75000	-0.093315	-35.512509
294	0.417323	75000	-0.093132	-35.605641
295	0.415845	75000	-0.092966	-35.698607
296	0.414370	75000	-0.092882	-35.791489
297	0.412898	75000	-0.092735	-35.884224
298	0.411429	75000	-0.092660	-35.976883
299	0.409963	75000	-0.092434	-36.069318
300	0.408501	75000	-0.092023	-36.161340
301	0.407041	75000	-0.092052	-36.253393
302	0.405585	75000	-0.091680	-36.345072
303	0.404132	75000	-0.091610	-36.436682
304	0.402682	75000	-0.091653	-36.528335
305	0.401235	75000	-0.091302	-36.619637
306	0.399791	75000	-0.091214	-36.710851
307	0.398350	75000	-0.091195	-36.802046
308	0.396913	75000	-0.090903	-36.892950
309	0.395478	75000	-0.090615	-36.983565
310	0.394047	75000	-0.090355	-37.073919
311	0.392619	75000	-0.090342	-37.164261
312	0.391194	75000	-0.090195	-37.254456
313	0.389772	75000	-0.090014	-37.344470
314	0.388353	75000	-0.089847	-37.434318
315	0.386937	75000	-0.089493	-37.523811
316	0.385524	75000	-0.089414	-37.613224
317	0.384115	75000	-0.089128	-37.702353
318	0.382708	75000	-0.089157	-37.791509
319	0.381305	75000	-0.088860	-37.880369
320	0.379904	75000	-0.088799	-37.969168
321	0.378507	75000	-0.088746	-38.057914
322	0.377113	75000	-0.088357	-38.146271
323	0.375722	75000	-0.088241	-38.234512
324	0.374334	75000	-0.088177	-38.322689
325	0.372949	75000	-0.088182	-38.410871
326	0.371567	75000	-0.087878	-38.498749
327	0.370189	75000	-0.087723	-38.586472
328	0.368813	75000	-0.087333	-38.673804
329	0.367440	75000	-0.087201	-38.761005
330	0.366071	75000	-0.087066	-38.848071
331	0.364705	75000	-0.086898	-38.934969
332	0.363341	75000	-0.086869	-39.021837
333	0.361981	75000	-0.086563	-39.108400
334	0.360624	75000	-0.086467	-39.194867
335	0.359269	75000	-0.086119	-39.280986
336	0.357918	75000	-0.086179	-39.367165
337	0.356570	75000	-0.086042	-39.453207
338	0.355225	75000	-0.085933	-39.539140
339	0.353883	75000	-0.085688	-39.624828
340	0.352544	75000	-0.085446	-39.710274
341	0.351208	75000	-0.085473	-39.795747
342	0.349875	75000	-0.085332	-39.881079
343	0.348546	75000	-0.085064	-39.966143
344	0.347219	75000	-0.084829	-40.050971
345	0.345895	75000	-0.084870	-40.135841
346	0.344574	75000	-0.084518	-40.220359
347	0.343257	75000	-0.084378	-40.304737
348	0.341942	75000	-0.084059	-40.388797
349	0.340630	75000	-0.084017	-40.472814
350	0.339322	75000	-0.083764	-40.556578
351	0.338016	75000	-0.083582	-40.640159
352	0.336714	75000	-0.083435	-40.723594
353	0.335414	75000	-0.083304	-40.806898
354	0.334118	75000	-0.083181	-40.890079
355	0.332824	75000	-0.083074	-40.973153
356	0.331534	75000	-0.082749	-41.055902
357	0.330246	75000	-0.082644	-41.138546
358	0.328962	75000	-0.082432	-41.220978
359	0.327680	75000	-0.082289	-41.303267
360	0.326401	75000	-0.082132	-41.385398
361	0.325126	75000	-0.082113	-41.467512
362	0.323853	75000	-0.081980	-41.549492
363	0.322584	75000	-0.081738	-41.631230
364	0.321317	75000	-0.081651	-41.712881
365	0.320054	75000	-0.081276	-41.794157
366	0.318793	75000	-0.081293	-41.875450
367	0.317536	75000	-0.081336	-41.956786
368	0.316281	75000	-0.080803	-42.037589
369	0.315030	75000	-0.080756	-42.118345
370	0.313781	75000	-0.080811	-42.199156
371	0.312535	75000	-0.080603	-42.279759
372	0.311293	75000	-0.080193	-42.359952
373	0.310053	75000	-0.080163	-42.440115
374	0.308816	75000	-0.079947	-42.520062
375	0.307582	75000	-0.079890	-42.599952
376	0.306352	75000	-0.079714	-42.679666
377	0.305124	75000	-0.079763	-42.759430
378	0.303899	75000	-0.079412	-42.838842
379	0.302677	75000	-0.079171	-42.918013
380	0.301458	75000	-0.079333	-42.997346
381	0.300242	75000	-0.078945	-43.076291
382	0.299029	75000	-0.078865	-43.155156
383	0.297819	75000	-0.078646	-43.233802
384	0.296611	75000	-0.078458	-43.312260
385	0.295407	75000	-0.078610	-43.390870
386	0.294206	75000	-0.078306	-43.469176
387	0.293007	75000	-0.078077	-43.547253
388	0.291812	75000	-0.078011	-43.625264
389	0.290619	75000	-0.077748	-43.703012
390	0.289430	75000	-0.077684	-43.780697
391	0.288243	75000	-0.077369	-43.858065
392	0.287059	75000	-0.077245	-43.935310
393	0.285879	75000	-0.077237	-44.012547
394	0.284701	75000	-0.077301	-44.089848
395	0.283526	75000	-0.076828	-44.166676
396	0.282354	75000	-0.076861	-44.243537
397	0.281184	75000	-0.076649	-44.320186
398	0.280018	75000	-0.076546	-44.396732
399	0.278855	75000	-0.076379	-44.473111
400	0.277694	75000	-0.076389	-44.549500
401	0.276537	75000	-0.076092	-44.625592
402	0.275382	75000	-0.075771	-44.701363
403	0.274230	75000	-0.075904	-44.777267
404	0.273082	75000	-0.075678	-44.852945
405	0.271936	75000	-0.075290	-44.928235
406	0.270793	75000	-0.075396	-45.003631
407	0.269652	75000	-0.075173	-45.078804
408	0.268515	75000	-0.075044	-45.153847
409	0.267381	75000	-0.074932	-45.228779
410	0.266249	75000	-0.074903	-45.303683
411	0.265121	75000	-0.074559	-45.378242
412	0.263995	75000	-0.074339	-45.452581
413	0.262872	75000	-0.074189	-45.526771
414	0.261752	75000	-0.074155	-45.600926
415	0.260635	75000	-0.073745	-45.674671
416	0.259520	75000	-0.073833	-45.748504
417	0.258409	75000	-0.073704	-45.822208
418	0.257300	75000	-0.073612	-45.895821
419	0.256195	75000	-0.073873	-45.969693
420	0.255092	75000	-0.073306	-46.043000
421	0.253992	75000	-0.073269	-46.116268
422	0.252895	75000	-0.073045	-46.189313
423	0.251800	75000	-0.072936	-46.262249
424	0.250709	75000	-0.072679	-46.334928
425	0.249620	75000	-0.072786	-46.407715
426	0.248534	75000	-0.072543	-46.480258
427	0.247451	75000	-0.072264	-46.552522
428	0.246371	75000	-0.072102	-46.624625
429	0.245294	75000	-0.072040	-46.696665
430	0.244220	75000	-0.071957	-46.768623
431	0.243148	75000	-0.071658	-46.840280
432	0.242079	75000	-0.071696	-46.911976
433	0.241013	75000	-0.071471	-46.983446
434	0.239950	75000	-0.071387	-47.054834
435	0.238890	75000	-0.071242	-47.126076
436	0.237832	75000	-0.070773	-47.196849
437	0.236778	75000	-0.071041	-47.267890
438	0.235726	75000	-0.070629	-47.338518
439	0.234677	75000	-0.070818	-47.409336
440	0.233630	75000	-0.070994	-47.480330
441	0.232587	75000	-0.070382	-47.550712
442	0.231546	75000	-0.070551	-47.621264
443	0.230509	75000	-0.070216	-47.691480
444	0.229473	75000	-0.069848	-47.761328
445	0.228441	75000	-0.069978	-47.831306
446	0.227412	75000	-0.069982	-47.901289
447	0.226385	75000	-0.069809	-47.971097
448	0.225361	75000	-0.069639	-48.040736
449	0.224340	75000	-0.069453	-48.110189
450	0.223322	75000	-0.069230	-48.179419
451	0.222306	75000	-0.069299	-48.248717
452	0.221293	75000	-0.068891	-48.317608
453	0.220283	75000	-0.068628	-48.386237
454	0.219276	75000	-0.068759	-48.454996
455	0.218272	75000	-0.068823	-48.523819
456	0.217270	75000	-0.068495	-48.592314
457	0.216271	75000	-0.068397	-48.660711
458	0.215275	75000	-0.067999	-48.728710
459	0.214281	75000	-0.068154	-48.796864
460	0.213291	75000	-0.068065	-48.864929
461	0.212303	75000	-0.067635	-48.932564
462	0.211318	75000	-0.067633	-49.000197
463	0.210335	75000	-0.067525	-49.067722
464	0.209356	75000	-0.067946	-49.135669
465	0.208379	75000	-0.067537	-49.203205
466	0.207404	75000	-0.067598	-49.270803
467	0.206433	75000	-0.067155	-49.337959
468	0.205464	75000	-0.067009	-49.404967
469	0.204498	75000	-0.067180	-49.472147
470	0.203535	75000	-0.066548	-49.538695
471	0.202575	75000	-0.066561	-49.605256
472	0.201617	75000	-0.066624	-49.671880
473	0.200662	75000	-0.066456	-49.738336
474	0.199709	75000	-0.066475	-49.804811
475	0.198760	75000	-0.066122	-49.870933
476	0.197813	75000	-0.066029	-49.936961
477	0.196869	75000	-0.066365	-50.003326
478	0.195927	75000	-0.066135	-50.069462
479	0.194988	75000	-0.065730	-50.135191
480	0.194052	75000	-0.065745	-50.200937
481	0.193119	75000	-0.065594	-50.266531
482	0.192188	75000	-0.065190	-50.331721
483	0.191260	75000	-0.065333	-50.397054
484	0.190335	75000	-0.065167	-50.462221
485	0.189412	75000	-0.065173	-50.527395
486	0.188492	75000	-0.065398	-50.592793
487	0.187575	75000	-0.064946	-50.657738
488	0.186660	75000	-0.064565	-50.722303
489	0.185749	75000	-0.064429	-50.786732
490	0.184839	75000	-0.064433	-50.851166
491	0.183933	75000	-0.064551	-50.915717
492	0.183029	75000	-0.064436	-50.980153
493	0.182128	75000	-0.064276	-51.044429
494	0.181229	75000	-0.064257	-51.108686
495	0.180333	75000	-0.063956	-51.172642
496	0.179440	75000	-0.063891	-51.236533
497	0.178550	75000	-0.063883	-51.300416
498	0.177662	75000	-0.063694	-51.364110
499	0.176777	75000	-0.063683	-51.427792
500	0.175894	75000	-0.063786	-51.491579
501	0.175014	75000	-0.063105	-51.554683
502	0.174137	75000	-0.063462	-51.618145
503	0.173262	75000	-0.062896	-51.681041
504	0.172390	75000	-0.063207	-51.744248
505	0.171521	75000	-0.063023	-51.807271
506	0.170654	75000	-0.062734	-51.870005
507	0.169790	75000	-0.063049	-51.933054
508	0.168929	75000	-0.062624	-51.995678
509	0.168070	75000	-0.062327	-52.058005
510	0.167214	75000	-0.062698	-52.120703
511	0.166360	75000	-0.062609	-52.183312
512	0.165509	75000	-0.062318	-52.245630
513	0.164661	75000	-0.062448	-52.308078
514	0.163815	75000	-0.061988	-52.370066
515	0.162972	75000	-0.061749	-52.431816
516	0.162132	75000	-0.062024	-52.493839
517	0.161294	75000	-0.062060	-52.555899
518	0.160458	75000	-0.062013	-52.617913
519	0.159626	75000	-0.061573	-52.679486
520	0.158796	75000	-0.060724	-52.740210
521	0.157968	75000	-0.061418	-52.801627
522	0.157143	75000	-0.061386	-52.863013
523	0.156321	75000	-0.061158	-52.924171
524	0.155501	75000	-0.061435	-52.985606
525	0.154684	75000	-0.061500	-53.047106
526	0.153870	75000	-0.060755	-53.107861
527	0.153058	75000	-0.060563	-53.168424
528	0.152248	75000	-0.060790	-53.229214
529	0.151441	75000	-0.060608	-53.289821
530	0.150637	75000	-0.060396	-53.350217
531	0.149835	75000	-0.060400	-53.410617
532	0.149036	75000	-0.060688	-53.471306
533	0.148240	75000	-0.060049	-53.531354
534	0.147446	75000	-0.060511	-53.591866
535	0.146654	75000	-0.059815	-53.651680
536	0.145865	75000	-0.060175	-53.711856
537	0.145079	75000	-0.060103	-53.771959
538	0.144295	75000	-0.059588	-53.831546
539	0.143514	75000	-0.059805	-53.891351
540	0.142735	75000	-0.059940	-53.951291
541	0.141959	75000	-0.059728	-54.011019
542	0.141186	75000	-0.059386	-54.070406
543	0.140415	75000	-0.059588	-54.129994
544	0.139646	75000	-0.059525	-54.189519
545	0.138880	75000	-0.059357	-54.248876
546	0.138116	75000	-0.059246	-54.308122
547	0.137356	75000	-0.058904	-54.367026
548	0.136597	75000	-0.058914	-54.425940
549	0.135841	75000	-0.058820	-54.484759
550	0.135088	75000	-0.058974	-54.543733
551	0.134337	75000	-0.058893	-54.602626
552	0.133588	75000	-0.058933	-54.661560
553	0.132843	75000	-0.058568	-54.720128
554	0.132099	75000	-0.058454	-54.778582
555	0.131358	75000	-0.058779	-54.837361
556	0.130620	75000	-0.058055	-54.895415
557	0.129884	75000	-0.058083	-54.953499
558	0.129151	75000	-0.058330	-55.011829
559	0.128420	75000	-0.058335	-55.070163
560	0.127691	75000	-0.058066	-55.128230
561	0.126965	75000	-0.058236	-55.186466
562	0.126242	75000	-0.057850	-55.244316
563	0.125521	75000	-0.058193	-55.302509
564	0.124802	75000	-0.057978	-55.360486
565	0.124086	75000	-0.057240	-55.417726
566	0.123373	75000	-0.057371	-55.475097
567	0.122662	75000	-0.056918	-55.532015
568	0.121953	75000	-0.057651	-55.589667
569	0.121247	75000	-0.057768	-55.647434
570	0.120543	75000	-0.057435	-55.704870
571	0.119842	75000	-0.056942	-55.761811
572	0.119143	75000	-0.057312	-55.819123
573	0.118447	75000	-0.056882	-55.876005
574	0.117753	75000	-0.056570	-55.932575
575	0.117062	75000	-0.056638	-55.989214
576	0.116373	75000	-0.056873	-56.046087
577	0.115686	75000	-0.056642	-56.102729
578	0.115002	75000	-0.056555	-56.159284
579	0.114320	75000	-0.056505	-56.215788
580	0.113641	75000	-0.056197	-56.271985
581	0.112964	75000	-0.056755	-56.328740
582	0.112290	75000	-0.056436	-56.385176
583	0.111618	75000	-0.056451	-56.441627
584	0.110948	75000	-0.056119	-56.497746
585	0.110281	75000	-0.056454	-56.554200
586	0.109616	75000	-0.056199	-56.610399
587	0.108954	75000	-0.055946	-56.666344
588	0.108294	75000	-0.055673	-56.722017
589	0.107637	75000	-0.055697	-56.777714
590	0.106981	75000	-0.055957	-56.833671
591	0.106329	75000	-0.055794	-56.889465
592	0.105678	75000	-0.055685	-56.945150
593	0.105030	75000	-0.055750	-57.000900
594	0.104385	75000	-0.055116	-57.056016
595	0.103742	75000	-0.055449	-57.111464
596	0.103101	75000	-0.055132	-57.166596
597	0.102463	75000	-0.054858	-57.221454
598	0.101827	75000	-0.055042	-57.276496
599	0.101193	75000	-0.054590	-57.331087
600	0.100562	75000	-0.054944	-57.386030
601	0.099933	75000	-0.054682	-57.440713
602	0.099306	75000	-0.054407	-57.495120
603	0.098682	75000	-0.054732	-57.549851
604	0.098060	75000	-0.054662	-57.604514
605	0.097441	75000	-0.054173	-57.658686
606	0.096824	75000	-0.054310	-57.712997
607	0.096209	75000	-0.054371	-57.767368
608	0.095596	75000	-0.053844	-57.821212
609	0.094986	75000	-0.054422	-57.875634
610	0.094379	75000	-0.054043	-57.929677
611	0.093773	75000	-0.053847	-57.983524
612	0.093170	75000	-0.053410	-58.036934
613	0.092570	75000	-0.053831	-58.090766
614	0.091971	75000	-0.053824	-58.144589
615	0.091375	75000	-0.053521	-58.198110
616	0.090781	75000	-0.053494	-58.251605
617	0.090190	75000	-0.053539	-58.305144
618	0.089601	75000	-0.053129	-58.358273
619	0.089014	75000	-0.053092	-58.411365
620	0.088430	75000	-0.052710	-58.464075
621	0.087848	75000	-0.052747	-58.516822
622	0.087268	75000	-0.052611	-58.569433
623	0.086690	75000	-0.052266	-58.621699
624	0.086115	75000	-0.052346	-58.674045
625	0.085542	75000	-0.052338	-58.726383
626	0.084971	75000	-0.052406	-58.778789
627	0.084403	75000	-0.052353	-58.831142
628	0.083837	75000	-0.052008	-58.883150
629	0.083273	75000	-0.052084	-58.935234
630	0.082712	75000	-0.052009	-58.987243
631	0.082152	75000	-0.051774	-59.039017
632	0.081595	75000	-0.051688	-59.090705
633	0.081041	75000	-0.051643	-59.142348
634	0.080488	75000	-0.051543	-59.193891
635	0.079938	75000	-0.051525	-59.245416
636	0.079390	75000	-0.051234	-59.296651
637	0.078845	75000	-0.051172	-59.347823
638	0.078301	75000	-0.051184	-59.399007
639	0.077760	75000	-0.050994	-59.450000
640	0.077221	75000	-0.050985	-59.500985
641	0.076684	75000	-0.050727	-59.551713
642	0.076150	75000	-0.050619	-59.602331
643	0.075618	75000	-0.050592	-59.652923
644	0.075088	75000	-0.050682	-59.703605
645	0.074560	75000	-0.050445	-59.754050
646	0.074035	75000	-0.050186	-59.804235
647	0.073512	75000	-0.050114	-59.854349
648	0.072991	75000	-0.050213	-59.904562
649	0.072472	75000	-0.049538	-59.954100
650	0.071955	75000	-0.049678	-60.003778
651	0.071441	75000	-0.049756	-60.053533
652	0.070929	75000	-0.049217	-60.102750
653	0.070419	75000	-0.049277	-60.152027
654	0.069911	75000	-0.049105	-60.201132
655	0.069406	75000	-0.049439	-60.250571
656	0.068903	75000	-0.049098	-60.299669
657	0.068401	75000	-0.048930	-60.348599
658	0.067903	75000	-0.048638	-60.397238
659	0.067406	75000	-0.048800	-60.446037
660	0.066911	75000	-0.048595	-60.494632
661	0.066419	75000	-0.048230	-60.542862
662	0.065929	75000	-0.048087	-60.590949
663	0.065441	75000	-0.047676	-60.638625
664	0.064955	75000	-0.048036	-60.686661
665	0.064471	75000	-0.047435	-60.734097
666	0.063990	75000	-0.048114	-60.782211
667	0.063510	75000	-0.047458	-60.829669
668	0.063033	75000	-0.047625	-60.877294
669	0.062558	75000	-0.047301	-60.924596
670	0.062085	75000	-0.047403	-60.971999
671	0.061615	75000	-0.047413	-61.019411
672	0.061146	75000	-0.047059	-61.066470
673	0.060680	75000	-0.046531	-61.113001
674	0.060216	75000	-0.046707	-61.159708
675	0.059753	75000	-0.046636	-61.206344
676	0.059293	75000	-0.046586	-61.252930
677	0.058836	75000	-0.046121	-61.299051
678	0.058380	75000	-0.045989	-61.345041
679	0.057926	75000	-0.046007	-61.391048
680	0.057475	75000	-0.045684	-61.436732
681	0.057025	75000	-0.046036	-61.482767
682	0.056578	75000	-0.045511	-61.528279
683	0.056133	75000	-0.045298	-61.573577
684	0.055690	75000	-0.045441	-61.619018
685	0.055249	75000	-0.045327	-61.664345
686	0.054810	75000	-0.045244	-61.709589
687	0.054373	75000	-0.044771	-61.754360
688	0.053939	75000	-0.044862	-61.799222
689	0.053506	75000	-0.044533	-61.843755
690	0.053076	75000	-0.044326	-61.888081
691	0.052647	75000	-0.044466	-61.932547
692	0.052221	75000	-0.044265	-61.976812
693	0.051797	75000	-0.044034	-62.020845
694	0.051375	75000	-0.043952	-62.064797
695	0.050955	75000	-0.043507	-62.108305
696	0.050537	75000	-0.043735	-62.152040
697	0.050121	75000	-0.043327	-62.195367
698	0.049707	75000	-0.043185	-62.238552
699	0.049295	75000	-0.043101	-62.281653
700	0.048885	75000	-0.042538	-62.324191
701	0.048478	75000	-0.043034	-62.367225
702	0.048072	75000	-0.042320	-62.409546
703	0.047668	75000	-0.042531	-62.452077
704	0.047267	75000	-0.042363	-62.494440
705	0.046867	75000	-0.042278	-62.536718
706	0.046470	75000	-0.042112	-62.578830
707	0.046074	75000	-0.041719	-62.620549
708	0.045681	75000	-0.041794	-62.662343
709	0.045289	75000	-0.041614	-62.703957
710	0.044900	75000	-0.041513	-62.745470
711	0.044512	75000	-0.041356	-62.786826
712	0.044127	75000	-0.041250	-62.828076
713	0.043744	75000	-0.040489	-62.868565
714	0.043362	75000	-0.040596	-62.909162
715	0.042983	75000	-0.040603	-62.949764
716	0.042606	75000	-0.040513	-62.990277
717	0.042230	75000	-0.040278	-63.030556
718	0.041857	75000	-0.040209	-63.070764
719	0.041485	75000	-0.040007	-63.110771
720	0.041116	75000	-0.039797	-63.150567
721	0.040749	75000	-0.039669	-63.190236
722	0.040383	75000	-0.039486	-63.229723
723	0.040020	75000	-0.039175	-63.268898
724	0.039658	75000	-0.039149	-63.308046
725	0.039299	75000	-0.038894	-63.346941
726	0.038941	75000	-0.038989	-63.385929
727	0.038585	75000	-0.038882	-63.424811
728	0.038232	75000	-0.038594	-63.463405
729	0.037880	75000	-0.038427	-63.501832
730	0.037530	75000	-0.038092	-63.539925
731	0.037182	75000	-0.037874	-63.577799
732	0.036836	75000	-0.037903	-63.615702
733	0.036493	75000	-0.037656	-63.653358
734	0.036151	75000	-0.037411	-63.690768
735	0.035810	75000	-0.037163	-63.727932
736	0.035472	75000	-0.037137	-63.765069
737	0.035136	75000	-0.036973	-63.802041
738	0.034802	75000	-0.036734	-63.838775
739	0.034469	75000	-0.036567	-63.875342
740	0.034139	75000	-0.036506	-63.911849
741	0.033810	75000	-0.036213	-63.948062
742	0.033484	75000	-0.036254	-63.984316
743	0.033159	75000	-0.035872	-64.020188
744	0.032836	75000	-0.035715	-64.055903
745	0.032515	75000	-0.035766	-64.091669
746	0.032196	75000	-0.035209	-64.126878
747	0.031879	75000	-0.035232	-64.162109
748	0.031563	75000	-0.034986	-64.197095
749	0.031250	75000	-0.034995	-64.232090
750	0.030938	75000	-0.034846	-64.266936
751	0.030629	75000	-0.034368	-64.301304
752	0.030321	75000	-0.034214	-64.335518
753	0.030015	75000	-0.034071	-64.369589
754	0.029711	75000	-0.034038	-64.403627
755	0.029409	75000	-0.033728	-64.437355
756	0.029108	75000	-0.033604	-64.470960
757	0.028810	75000	-0.033466	-64.504426
758	0.028513	75000	-0.033409	-64.537835
759	0.028218	75000	-0.033046	-64.570881
760	0.027925	75000	-0.032819	-64.603700
761	0.027634	75000	-0.032832	-64.636532
762	0.027345	75000	-0.032500	-64.669032
763	0.027057	75000	-0.032464	-64.701496
764	0.026771	75000	-0.032250	-64.733746
765	0.026487	75000	-0.031956	-64.765702
766	0.026205	75000	-0.031861	-64.797563
767	0.025925	75000	-0.031726	-64.829289
768	0.025647	75000	-0.031493	-64.860782
769	0.025370	75000	-0.031418	-64.892201
770	0.025095	75000	-0.031194	-64.923395
771	0.024822	75000	-0.030828	-64.954223
772	0.024551	75000	-0.030919	-64.985142
773	0.024281	75000	-0.030592	-65.015734
774	0.024014	75000	-0.030576	-65.046310
775	0.023748	75000	-0.030320	-65.076630
776	0.023483	75000	-0.030023	-65.106653
777	0.023221	75000	-0.030013	-65.136666
778	0.022960	75000	-0.029725	-65.166391
779	0.022702	75000	-0.029524	-65.195915
780	0.022445	75000	-0.029330	-65.225245
781	0.022189	75000	-0.029212	-65.254456
782	0.021936	75000	-0.029073	-65.283529
783	0.021684	75000	-0.028691	-65.312220
784	0.021434	75000	-0.028641	-65.340861
785	0.021185	75000	-0.028424	-65.369285
786	0.020939	75000	-0.028267	-65.397552
787	0.020694	75000	-0.028113	-65.425664
788	0.020451	75000	-0.027892	-65.453556
789	0.020209	75000	-0.027666	-65.481222
790	0.019969	75000	-0.027605	-65.508827
791	0.019731	75000	-0.027442	-65.536269
792	0.019495	75000	-0.027214	-65.563483
793	0.019261	75000	-0.027043	-65.590525
794	0.019028	75000	-0.026838	-65.617364
795	0.018796	75000	-0.026678	-65.644042
796	0.018567	75000	-0.026508	-65.670550
797	0.018339	75000	-0.026392	-65.696943
798	0.018113	75000	-0.026164	-65.723107
799	0.017889	75000	-0.025973	-65.749079
800	0.017666	75000	-0.025813	-65.774892
801	0.017445	75000	-0.025565	-65.800458
802	0.017225	75000	-0.025421	-65.825879
803	0.017007	75000	-0.025193	-65.851072
804	0.016791	75000	-0.025071	-65.876143
805	0.016577	75000	-0.024847	-65.900989
806	0.016364	75000	-0.024783	-65.925772
807	0.016153	75000	-0.024568	-65.950341
808	0.015943	75000	-0.024385	-65.974726
809	0.015736	75000	-0.024238	-65.998964
810	0.015529	75000	-0.024083	-66.023046
811	0.015325	75000	-0.023777	-66.046824
812	0.015122	75000	-0.023660	-66.070484
813	0.014920	75000	-0.023403	-66.093887
814	0.014721	75000	-0.023328	-66.117215
815	0.014523	75000	-0.023206	-66.140421
816	0.014326	75000	-0.022958	-66.163379
817	0.014131	75000	-0.022832	-66.186211
818	0.013938	75000	-0.022577	-66.208788
819	0.013746	75000	-0.022432	-66.231220
820	0.013556	75000	-0.022209	-66.253429
821	0.013367	75000	-0.021987	-66.275417
822	0.013181	75000	-0.021958	-66.297375
823	0.012995	75000	-0.021744	-66.319119
824	0.012811	75000	-0.021551	-66.340669
825	0.012629	75000	-0.021396	-66.362065
826	0.012448	75000	-0.021229	-66.383294
827	0.012269	75000	-0.020969	-66.404264
828	0.012092	75000	-0.020851	-66.425115
829	0.011916	75000	-0.020647	-66.445763
830	0.011741	75000	-0.020516	-66.466279
831	0.011568	75000	-0.020266	-66.486545
832	0.011397	75000	-0.020199	-66.506744
833	0.011227	75000	-0.019984	-66.526728
834	0.011059	75000	-0.019921	-66.546649
835	0.010892	75000	-0.019718	-66.566367
836	0.010727	75000	-0.019505	-66.585872
837	0.010563	75000	-0.019266	-66.605139
838	0.010401	75000	-0.019133	-66.624272
839	0.010240	75000	-0.019001	-66.643273
840	0.010081	75000	-0.018766	-66.662039
841	0.009923	75000	-0.018631	-66.680670
842	0.009767	75000	-0.018520	-66.699191
843	0.009612	75000	-0.018314	-66.717504
844	0.009459	75000	-0.018135	-66.735639
845	0.009307	75000	-0.017971	-66.753610
846	0.009156	75000	-0.017753	-66.771363
847	0.009008	75000	-0.017557	-66.788920
848	0.008860	75000	-0.017450	-66.806370
849	0.008714	75000	-0.017250	-66.823620
850	0.008570	75000	-0.017157	-66.840776
851	0.008427	75000	-0.017003	-66.857779
852	0.008285	75000	-0.016877	-66.874656
853	0.008145	75000	-0.016654	-66.891310
854	0.008006	75000	-0.016515	-66.907824
855	0.007869	75000	-0.016321	-66.924145
856	0.007733	75000	-0.016131	-66.940276
857	0.007598	75000	-0.015925	-66.956201
858	0.007465	75000	-0.015785	-66.971986
859	0.007334	75000	-0.015707	-66.987693
860	0.007203	75000	-0.015487	-67.003180
861	0.007075	75000	-0.015398	-67.018578
862	0.006947	75000	-0.015193	-67.033771
863	0.006821	75000	-0.014980	-67.048750
864	0.006696	75000	-0.014903	-67.063653
865	0.006573	75000	-0.014672	-67.078325
866	0.006451	75000	-0.014531	-67.092856
867	0.006330	75000	-0.014381	-67.107237
868	0.006211	75000	-0.014241	-67.121478
869	0.006093	75000	-0.014041	-67.135520
870	0.005977	75000	-0.013904	-67.149424
871	0.005862	75000	-0.013778	-67.163201
872	0.005748	75000	-0.013661	-67.176862
873	0.005635	75000	-0.013475	-67.190338
874	0.005524	75000	-0.013273	-67.203611
875	0.005414	75000	-0.013123	-67.216733
876	0.005306	75000	-0.013009	-67.229742
877	0.005199	75000	-0.012785	-67.242527
878	0.005093	75000	-0.012660	-67.255187
879	0.004988	75000	-0.012580	-67.267767
880	0.004885	75000	-0.012356	-67.280123
881	0.004783	75000	-0.012215	-67.292338
882	0.004682	75000	-0.012065	-67.304403
883	0.004583	75000	-0.011884	-67.316287
884	0.004485	75000	-0.011765	-67.328052
885	0.004388	75000	-0.011569	-67.339620
886	0.004292	75000	-0.011412	-67.351032
887	0.004198	75000	-0.011323	-67.362356
888	0.004105	75000	-0.011186	-67.373542
889	0.004013	75000	-0.011048	-67.384590
890	0.003923	75000	-0.010947	-67.395537
891	0.003833	75000	-0.010763	-67.406299
892	0.003745	75000	-0.010586	-67.416886
893	0.003658	75000	-0.010408	-67.427294
894	0.003573	75000	-0.010374	-67.437668
895	0.003488	75000	-0.010189	-67.447856
896	0.003405	75000	-0.010042	-67.457898
897	0.003323	75000	-0.009980	-67.467879
898	0.003242	75000	-0.009715	-67.477594
899	0.003162	75000	-0.009630	-67.487224
900	0.003084	75000	-0.009442	-67.496667
901	0.003007	75000	-0.009287	-67.505954
902	0.002930	75000	-0.009167	-67.515121
903	0.002855	75000	-0.009001	-67.524122
904	0.002782	75000	-0.008868	-67.532990
905	0.002709	75000	-0.008720	-67.541710
906	0.002638	75000	-0.008618	-67.550328
907	0.002567	75000	-0.008461	-67.558789
908	0.002498	75000	-0.008327	-67.567116
909	0.002430	75000	-0.008168	-67.575284
910	0.002363	75000	-0.008030	-67.583314
911	0.002297	75000	-0.007932	-67.591246
912	0.002233	75000	-0.007795	-67.599041
913	0.002169	75000	-0.007676	-67.606717
914	0.002106	75000	-0.007537	-67.614254
915	0.002045	75000	-0.007374	-67.621628
916	0.001985	75000	-0.007245	-67.628873
917	0.001925	75000	-0.007128	-67.636001
918	0.001867	75000	-0.006985	-67.642986
919	0.001810	75000	-0.006861	-67.649847
920	0.001754	75000	-0.006729	-67.656576
921	0.001699	75000	-0.006622	-67.663198
922	0.001645	75000	-0.006495	-67.669693
923	0.001592	75000	-0.006400	-67.676093
924	0.001540	75000	-0.006348	-67.682441
925	0.001490	75000	-0.006133	-67.688574
926	0.001440	75000	-0.006006	-67.694579
927	0.001391	75000	-0.005878	-67.700458
928	0.001343	75000	-0.005764	-67.706221
929	0.001296	75000	-0.005628	-67.711850
930	0.001251	75000	-0.005507	-67.717356
931	0.001206	75000	-0.005406	-67.722763
932	0.001162	75000	-0.005292	-67.728055
933	0.001119	75000	-0.005177	-67.733232
934	0.001077	75000	-0.005056	-67.738288
935	0.001036	75000	-0.004942	-67.743230
936	0.000996	75000	-0.004814	-67.748044
937	0.000957	75000	-0.004708	-67.752752
938	0.000919	75000	-0.004582	-67.757334
939	0.000882	75000	-0.004482	-67.761816
940	0.000846	75000	-0.004388	-67.766204
941	0.000810	75000	-0.004275	-67.770479
942	0.000776	75000	-0.004165	-67.774645
943	0.000742	75000	-0.004056	-67.778700
944	0.000709	75000	-0.003952	-67.782652
945	0.000678	75000	-0.003833	-67.786486
946	0.000647	75000	-0.003734	-67.790220
947	0.000617	75000	-0.003640	-67.793860
948	0.000587	75000	-0.003518	-67.797377
949	0.000559	75000	-0.003436	-67.800813
950	0.000531	75000	-0.003320	-67.804133
951	0.000505	75000	-0.003240	-67.807373
952	0.000479	75000	-0.003128	-67.810501
953	0.000454	75000	-0.003035	-67.813536
954	0.000430	75000	-0.002926	-67.816462
955	0.000406	75000	-0.002836	-67.819299
956	0.000383	75000	-0.002737	-67.822036
957	0.000362	75000	-0.002643	-67.824679
958	0.000340	75000	-0.002550	-67.827228
959	0.000320	75000	-0.002465	-67.829694
960	0.000300	75000	-0.002367	-67.832061
961	0.000281	75000	-0.002287	-67.834348
962	0.000263	75000	-0.002195	-67.836543
963	0.000246	75000	-0.002110	-67.838653
964	0.000229	75000	-0.002016	-67.840669
965	0.000213	75000	-0.001931	-67.842600
966	0.000198	75000	-0.001852	-67.844453
967	0.000183	75000	-0.001769	-67.846221
968	0.000169	75000	-0.001693	-67.847914
969	0.000156	75000	-0.001608	-67.849523
970	0.000143	75000	-0.001534	-67.851056
971	0.000131	75000	-0.001455	-67.852512
972	0.000120	75000	-0.001378	-67.853890
973	0.000109	75000	-0.001304	-67.855195
974	0.000099	75000	-0.001234	-67.856428
975	0.000089	75000	-0.001162	-67.857590
976	0.000080	75000	-0.001089	-67.858679
977	0.000072	75000	-0.001018	-67.859697
978	0.000064	75000	-0.000954	-67.860651
979	0.000057	75000	-0.000887	-67.861539
980	0.000050	75000	-0.000823	-67.862362
981	0.000043	75000	-0.000762	-67.863124
982	0.000038	75000	-0.000701	-67.863825
983	0.000032	75000	-0.000641	-67.864466
984	0.000028	75000	-0.000583	-67.865049
985	0.000023	75000	-0.000527	-67.865576
986	0.000019	75000	-0.000474	-67.866050
987	0.000016	75000	-0.000423	-67.866473
988	0.000013	75000	-0.000373	-67.866846
989	0.000010	75000	-0.000327	-67.867173
990	0.000008	75000	-0.000281	-67.867454
991	0.000006	75000	-0.000237	-67.867691
992	0.000004	75000	-0.000196	-67.867888
993	0.000003	75000	-0.000158	-67.868046
994	0.000002	75000	-0.000123	-67.868169
995	0.000001	75000	-0.000091	-67.868260
996	0.000000	75000	-0.000063	-67.868323
997	0.000000	75000	-0.000038	-67.868361
998	0.000000	75000	-0.000018	-67.868379
999	0.000000	75000	-0.000004	-67.868383
Log marginal likelihood:	-67.868383
