Steppingstone sampler:
        No Stones:                  1000
        Start It:                   10000001
        It Per Stone:               100000
        Sample Freq:                1
        Dist:                       Beta(0.400000,1.000000)
Stone No	Power	N	Stone MLh	Running MLh
0	0.997502	75000	-0.411162	-0.411162
1	0.995007	75000	-0.410278	-0.821440
2	0.992517	75000	-0.409420	-1.230861
3	0.990030	75000	-0.409133	-1.639994
4	0.987547	75000	-0.408418	-2.048412
5	0.985067	75000	-0.408150	-2.456562
6	0.982592	75000	-0.407669	-2.864231
7	0.980120	75000	-0.406883	-3.271114
8	0.977652	75000	-0.406311	-3.677425
9	0.975187	75000	-0.405620	-4.083044
10	0.972726	75000	-0.405460	-4.488504
11	0.970269	75000	-0.404642	-4.893147
12	0.967816	75000	-0.403439	-5.296585
13	0.965367	75000	-0.403113	-5.699699
14	0.962921	75000	-0.402601	-6.102300
15	0.960479	75000	-0.402416	-6.504715
16	0.958040	75000	-0.401388	-6.906103
17	0.955606	75000	-0.401087	-7.307191
18	0.953175	75000	-0.400242	-7.707432
19	0.950747	75000	-0.400076	-8.107508
20	0.948324	75000	-0.399182	-8.506691
21	0.945904	75000	-0.398476	-8.905167
22	0.943488	75000	-0.397853	-9.303019
23	0.941076	75000	-0.397289	-9.700309
24	0.938667	75000	-0.396662	-10.096971
25	0.936262	75000	-0.396425	-10.493396
26	0.933861	75000	-0.395589	-10.888985
27	0.931463	75000	-0.394967	-11.283952
28	0.929069	75000	-0.394374	-11.678326
29	0.926679	75000	-0.394023	-12.072349
30	0.924293	75000	-0.393413	-12.465763
31	0.921910	75000	-0.392703	-12.858466
32	0.919531	75000	-0.391841	-13.250307
33	0.917155	75000	-0.391690	-13.641998
34	0.914783	75000	-0.391284	-14.033282
35	0.912415	75000	-0.390310	-14.423592
36	0.910051	75000	-0.390032	-14.813624
37	0.907690	75000	-0.389222	-15.202847
38	0.905333	75000	-0.388546	-15.591393
39	0.902980	75000	-0.388218	-15.979611
40	0.900630	75000	-0.387824	-16.367434
41	0.898284	75000	-0.386686	-16.754121
42	0.895942	75000	-0.386412	-17.140532
43	0.893603	75000	-0.385580	-17.526113
44	0.891268	75000	-0.385285	-17.911398
45	0.888937	75000	-0.384732	-18.296129
46	0.886609	75000	-0.383950	-18.680080
47	0.884285	75000	-0.383462	-19.063541
48	0.881965	75000	-0.382884	-19.446426
49	0.879648	75000	-0.382293	-19.828718
50	0.877335	75000	-0.381499	-20.210217
51	0.875026	75000	-0.380666	-20.590883
52	0.872720	75000	-0.380530	-20.971413
53	0.870418	75000	-0.379691	-21.351103
54	0.868120	75000	-0.379496	-21.730599
55	0.865825	75000	-0.379021	-22.109620
56	0.863534	75000	-0.377871	-22.487492
57	0.861246	75000	-0.377498	-22.864990
58	0.858962	75000	-0.377108	-23.242097
59	0.856682	75000	-0.376441	-23.618538
60	0.854405	75000	-0.375991	-23.994529
61	0.852132	75000	-0.375543	-24.370072
62	0.849863	75000	-0.374869	-24.744942
63	0.847597	75000	-0.374126	-25.119068
64	0.845335	75000	-0.373423	-25.492490
65	0.843077	75000	-0.372803	-25.865294
66	0.840822	75000	-0.371877	-26.237170
67	0.838571	75000	-0.371546	-26.608716
68	0.836323	75000	-0.371193	-26.979909
69	0.834079	75000	-0.370567	-27.350476
70	0.831839	75000	-0.370259	-27.720735
71	0.829602	75000	-0.369466	-28.090201
72	0.827369	75000	-0.368672	-28.458873
73	0.825140	75000	-0.368253	-28.827126
74	0.822914	75000	-0.367980	-29.195106
75	0.820691	75000	-0.366960	-29.562066
76	0.818473	75000	-0.366356	-29.928422
77	0.816258	75000	-0.365874	-30.294295
78	0.814046	75000	-0.365266	-30.659561
79	0.811838	75000	-0.364669	-31.024231
80	0.809634	75000	-0.364197	-31.388428
81	0.807433	75000	-0.363715	-31.752143
82	0.805236	75000	-0.363040	-32.115184
83	0.803043	75000	-0.362992	-32.478175
84	0.800853	75000	-0.361876	-32.840051
85	0.798667	75000	-0.361646	-33.201697
86	0.796484	75000	-0.361045	-33.562742
87	0.794305	75000	-0.360533	-33.923275
88	0.792129	75000	-0.359419	-34.282694
89	0.789957	75000	-0.359213	-34.641907
90	0.787789	75000	-0.358687	-35.000594
91	0.785624	75000	-0.358278	-35.358872
92	0.783463	75000	-0.357303	-35.716175
93	0.781305	75000	-0.357037	-36.073212
94	0.779151	75000	-0.356298	-36.429510
95	0.777000	75000	-0.355672	-36.785182
96	0.774853	75000	-0.354980	-37.140161
97	0.772710	75000	-0.354537	-37.494698
98	0.770570	75000	-0.354017	-37.848715
99	0.768433	75000	-0.353443	-38.202159
100	0.766301	75000	-0.352794	-38.554953
101	0.764172	75000	-0.352316	-38.907269
102	0.762046	75000	-0.351480	-39.258749
103	0.759924	75000	-0.351068	-39.609817
104	0.757805	75000	-0.350609	-39.960426
105	0.755690	75000	-0.349900	-40.310327
106	0.753579	75000	-0.349536	-40.659863
107	0.751471	75000	-0.349033	-41.008895
108	0.749366	75000	-0.348296	-41.357192
109	0.747266	75000	-0.347823	-41.705014
110	0.745168	75000	-0.347054	-42.052068
111	0.743075	75000	-0.346810	-42.398878
112	0.740984	75000	-0.346225	-42.745104
113	0.738898	75000	-0.345436	-43.090540
114	0.736815	75000	-0.345144	-43.435684
115	0.734735	75000	-0.344485	-43.780169
116	0.732659	75000	-0.343926	-44.124096
117	0.730586	75000	-0.343128	-44.467224
118	0.728517	75000	-0.342814	-44.810037
119	0.726452	75000	-0.342052	-45.152089
120	0.724390	75000	-0.341431	-45.493521
121	0.722331	75000	-0.341002	-45.834523
122	0.720276	75000	-0.340331	-46.174854
123	0.718225	75000	-0.339964	-46.514818
124	0.716177	75000	-0.339324	-46.854142
125	0.714132	75000	-0.338929	-47.193071
126	0.712091	75000	-0.338422	-47.531492
127	0.710054	75000	-0.337700	-47.869193
128	0.708020	75000	-0.337049	-48.206242
129	0.705989	75000	-0.336610	-48.542851
130	0.703962	75000	-0.336121	-48.878973
131	0.701939	75000	-0.335456	-49.214429
132	0.699919	75000	-0.334854	-49.549283
133	0.697902	75000	-0.334396	-49.883679
134	0.695889	75000	-0.333790	-50.217470
135	0.693880	75000	-0.333216	-50.550685
136	0.691874	75000	-0.332841	-50.883526
137	0.689871	75000	-0.332065	-51.215591
138	0.687872	75000	-0.331212	-51.546803
139	0.685877	75000	-0.330710	-51.877512
140	0.683885	75000	-0.330325	-52.207838
141	0.681896	75000	-0.329959	-52.537797
142	0.679911	75000	-0.329414	-52.867211
143	0.677929	75000	-0.328818	-53.196029
144	0.675951	75000	-0.328185	-53.524214
145	0.673976	75000	-0.327686	-53.851901
146	0.672005	75000	-0.327102	-54.179002
147	0.670037	75000	-0.326618	-54.505621
148	0.668073	75000	-0.325895	-54.831516
149	0.666112	75000	-0.325432	-55.156948
150	0.664155	75000	-0.324791	-55.481739
151	0.662201	75000	-0.324376	-55.806116
152	0.660250	75000	-0.324049	-56.130165
153	0.658303	75000	-0.322932	-56.453097
154	0.656359	75000	-0.322743	-56.775840
155	0.654419	75000	-0.322080	-57.097920
156	0.652483	75000	-0.321474	-57.419394
157	0.650549	75000	-0.320950	-57.740345
158	0.648619	75000	-0.320427	-58.060772
159	0.646693	75000	-0.320004	-58.380776
160	0.644770	75000	-0.319252	-58.700029
161	0.642851	75000	-0.318953	-59.018982
162	0.640934	75000	-0.318159	-59.337141
163	0.639022	75000	-0.317725	-59.654866
164	0.637113	75000	-0.317015	-59.971882
165	0.635207	75000	-0.316566	-60.288448
166	0.633304	75000	-0.316089	-60.604537
167	0.631405	75000	-0.315448	-60.919985
168	0.629510	75000	-0.314781	-61.234766
169	0.627618	75000	-0.314295	-61.549061
170	0.625729	75000	-0.313938	-61.862999
171	0.623844	75000	-0.313311	-62.176310
172	0.621962	75000	-0.312842	-62.489153
173	0.620083	75000	-0.312156	-62.801308
174	0.618208	75000	-0.311830	-63.113138
175	0.616337	75000	-0.311086	-63.424223
176	0.614468	75000	-0.310550	-63.734773
177	0.612604	75000	-0.310115	-64.044887
178	0.610742	75000	-0.309619	-64.354506
179	0.608884	75000	-0.309006	-64.663512
180	0.607029	75000	-0.308629	-64.972141
181	0.605178	75000	-0.307846	-65.279987
182	0.603330	75000	-0.307300	-65.587287
183	0.601486	75000	-0.306923	-65.894210
184	0.599645	75000	-0.305993	-66.200203
185	0.597807	75000	-0.305579	-66.505782
186	0.595973	75000	-0.305376	-66.811158
187	0.594142	75000	-0.304632	-67.115791
188	0.592314	75000	-0.304091	-67.419882
189	0.590490	75000	-0.303575	-67.723457
190	0.588669	75000	-0.302931	-68.026388
191	0.586852	75000	-0.302397	-68.328785
192	0.585038	75000	-0.301930	-68.630715
193	0.583227	75000	-0.301274	-68.931989
194	0.581420	75000	-0.300738	-69.232728
195	0.579616	75000	-0.300280	-69.533008
196	0.577815	75000	-0.299750	-69.832758
197	0.576018	75000	-0.299177	-70.131934
198	0.574224	75000	-0.298840	-70.430774
199	0.572433	75000	-0.298143	-70.728917
200	0.570646	75000	-0.297468	-71.026385
201	0.568862	75000	-0.297078	-71.323463
202	0.567082	75000	-0.296325	-71.619789
203	0.565305	75000	-0.295990	-71.915778
204	0.563531	75000	-0.295617	-72.211395
205	0.561761	75000	-0.294815	-72.506210
206	0.559993	75000	-0.294412	-72.800622
207	0.558230	75000	-0.293796	-73.094418
208	0.556469	75000	-0.293320	-73.387738
209	0.554712	75000	-0.292714	-73.680452
210	0.552958	75000	-0.292108	-73.972560
211	0.551208	75000	-0.291513	-74.264073
212	0.549461	75000	-0.291164	-74.555237
213	0.547717	75000	-0.290672	-74.845908
214	0.545977	75000	-0.290052	-75.135961
215	0.544240	75000	-0.289590	-75.425550
216	0.542506	75000	-0.288994	-75.714545
217	0.540775	75000	-0.288369	-76.002914
218	0.539048	75000	-0.287757	-76.290671
219	0.537324	75000	-0.287525	-76.578195
220	0.535604	75000	-0.286868	-76.865063
221	0.533887	75000	-0.286378	-77.151442
222	0.532173	75000	-0.286004	-77.437446
223	0.530462	75000	-0.285314	-77.722760
224	0.528755	75000	-0.284734	-78.007493
225	0.527051	75000	-0.284188	-78.291681
226	0.525350	75000	-0.283569	-78.575250
227	0.523653	75000	-0.283196	-78.858447
228	0.521958	75000	-0.282676	-79.141123
229	0.520268	75000	-0.282218	-79.423341
230	0.518580	75000	-0.281593	-79.704934
231	0.516896	75000	-0.281164	-79.986098
232	0.515215	75000	-0.280586	-80.266684
233	0.513537	75000	-0.280013	-80.546697
234	0.511863	75000	-0.279415	-80.826112
235	0.510192	75000	-0.278863	-81.104974
236	0.508524	75000	-0.278548	-81.383522
237	0.506859	75000	-0.277953	-81.661476
238	0.505198	75000	-0.277419	-81.938894
239	0.503540	75000	-0.276952	-82.215847
240	0.501885	75000	-0.276153	-82.492000
241	0.500234	75000	-0.275854	-82.767854
242	0.498586	75000	-0.275351	-83.043205
243	0.496941	75000	-0.274646	-83.317852
244	0.495299	75000	-0.274103	-83.591955
245	0.493660	75000	-0.273725	-83.865679
246	0.492025	75000	-0.273392	-84.139071
247	0.490393	75000	-0.272695	-84.411766
248	0.488765	75000	-0.272089	-84.683855
249	0.487139	75000	-0.271664	-84.955519
250	0.485517	75000	-0.271033	-85.226552
251	0.483898	75000	-0.270580	-85.497132
252	0.482283	75000	-0.270095	-85.767227
253	0.480670	75000	-0.269571	-86.036798
254	0.479061	75000	-0.268907	-86.305705
255	0.477455	75000	-0.268646	-86.574350
256	0.475852	75000	-0.268019	-86.842370
257	0.474253	75000	-0.267486	-87.109856
258	0.472656	75000	-0.266747	-87.376602
259	0.471063	75000	-0.266412	-87.643014
260	0.469474	75000	-0.265963	-87.908977
261	0.467887	75000	-0.265217	-88.174194
262	0.466304	75000	-0.264822	-88.439016
263	0.464723	75000	-0.264428	-88.703444
264	0.463146	75000	-0.264014	-88.967458
265	0.461573	75000	-0.263270	-89.230729
266	0.460002	75000	-0.262970	-89.493698
267	0.458435	75000	-0.262279	-89.755978
268	0.456871	75000	-0.261808	-90.017786
269	0.455310	75000	-0.261311	-90.279097
270	0.453752	75000	-0.260717	-90.539814
271	0.452198	75000	-0.260232	-90.800046
272	0.450647	75000	-0.259622	-91.059668
273	0.449098	75000	-0.259170	-91.318838
274	0.447554	75000	-0.258782	-91.577620
275	0.446012	75000	-0.258251	-91.835872
276	0.444473	75000	-0.257703	-92.093575
277	0.442938	75000	-0.257127	-92.350702
278	0.441406	75000	-0.256585	-92.607287
279	0.439877	75000	-0.256113	-92.863400
280	0.438351	75000	-0.255582	-93.118981
281	0.436829	75000	-0.255131	-93.374112
282	0.435309	75000	-0.254600	-93.628712
283	0.433793	75000	-0.254008	-93.882720
284	0.432280	75000	-0.253641	-94.136360
285	0.430770	75000	-0.253046	-94.389407
286	0.429263	75000	-0.252426	-94.641832
287	0.427760	75000	-0.252220	-94.894052
288	0.426259	75000	-0.251607	-95.145659
289	0.424762	75000	-0.251036	-95.396695
290	0.423268	75000	-0.250509	-95.647204
291	0.421777	75000	-0.249864	-95.897068
292	0.420289	75000	-0.249396	-96.146465
293	0.418805	75000	-0.248960	-96.395425
294	0.417323	75000	-0.248502	-96.643927
295	0.415845	75000	-0.247808	-96.891734
296	0.414370	75000	-0.247443	-97.139177
297	0.412898	75000	-0.246942	-97.386120
298	0.411429	75000	-0.246582	-97.632702
299	0.409963	75000	-0.245974	-97.878675
300	0.408501	75000	-0.245501	-98.124177
301	0.407041	75000	-0.244965	-98.369142
302	0.405585	75000	-0.244493	-98.613635
303	0.404132	75000	-0.244085	-98.857721
304	0.402682	75000	-0.243602	-99.101323
305	0.401235	75000	-0.242987	-99.344310
306	0.399791	75000	-0.242411	-99.586721
307	0.398350	75000	-0.241973	-99.828694
308	0.396913	75000	-0.241568	-100.070262
309	0.395478	75000	-0.241178	-100.311440
310	0.394047	75000	-0.240491	-100.551931
311	0.392619	75000	-0.240108	-100.792040
312	0.391194	75000	-0.239544	-101.031583
313	0.389772	75000	-0.239002	-101.270585
314	0.388353	75000	-0.238418	-101.509003
315	0.386937	75000	-0.238023	-101.747026
316	0.385524	75000	-0.237331	-101.984357
317	0.384115	75000	-0.236917	-102.221274
318	0.382708	75000	-0.236404	-102.457678
319	0.381305	75000	-0.236004	-102.693683
320	0.379904	75000	-0.235415	-102.929098
321	0.378507	75000	-0.234871	-103.163969
322	0.377113	75000	-0.234472	-103.398441
323	0.375722	75000	-0.233911	-103.632351
324	0.374334	75000	-0.233481	-103.865832
325	0.372949	75000	-0.232904	-104.098736
326	0.371567	75000	-0.232426	-104.331162
327	0.370189	75000	-0.232118	-104.563280
328	0.368813	75000	-0.231429	-104.794710
329	0.367440	75000	-0.230994	-105.025704
330	0.366071	75000	-0.230524	-105.256228
331	0.364705	75000	-0.230104	-105.486332
332	0.363341	75000	-0.229602	-105.715934
333	0.361981	75000	-0.228976	-105.944909
334	0.360624	75000	-0.228514	-106.173423
335	0.359269	75000	-0.228015	-106.401438
336	0.357918	75000	-0.227571	-106.629009
337	0.356570	75000	-0.226970	-106.855979
338	0.355225	75000	-0.226345	-107.082324
339	0.353883	75000	-0.226192	-107.308516
340	0.352544	75000	-0.225746	-107.534263
341	0.351208	75000	-0.225221	-107.759484
342	0.349875	75000	-0.224624	-107.984108
343	0.348546	75000	-0.224157	-108.208265
344	0.347219	75000	-0.223698	-108.431963
345	0.345895	75000	-0.223081	-108.655044
346	0.344574	75000	-0.222662	-108.877706
347	0.343257	75000	-0.222253	-109.099959
348	0.341942	75000	-0.221641	-109.321601
349	0.340630	75000	-0.221219	-109.542820
350	0.339322	75000	-0.220873	-109.763693
351	0.338016	75000	-0.220328	-109.984020
352	0.336714	75000	-0.219654	-110.203674
353	0.335414	75000	-0.219368	-110.423042
354	0.334118	75000	-0.218799	-110.641842
355	0.332824	75000	-0.218210	-110.860051
356	0.331534	75000	-0.217681	-111.077732
357	0.330246	75000	-0.217439	-111.295171
358	0.328962	75000	-0.217053	-111.512224
359	0.327680	75000	-0.216352	-111.728576
360	0.326401	75000	-0.215942	-111.944519
361	0.325126	75000	-0.215377	-112.159895
362	0.323853	75000	-0.214979	-112.374875
363	0.322584	75000	-0.214390	-112.589265
364	0.321317	75000	-0.214086	-112.803351
365	0.320054	75000	-0.213543	-113.016894
366	0.318793	75000	-0.213015	-113.229908
367	0.317536	75000	-0.212615	-113.442523
368	0.316281	75000	-0.212038	-113.654562
369	0.315030	75000	-0.211709	-113.866271
370	0.313781	75000	-0.211170	-114.077440
371	0.312535	75000	-0.210685	-114.288126
372	0.311293	75000	-0.210108	-114.498234
373	0.310053	75000	-0.209660	-114.707894
374	0.308816	75000	-0.209146	-114.917040
375	0.307582	75000	-0.208835	-115.125875
376	0.306352	75000	-0.208232	-115.334107
377	0.305124	75000	-0.207802	-115.541909
378	0.303899	75000	-0.207342	-115.749251
379	0.302677	75000	-0.206877	-115.956128
380	0.301458	75000	-0.206349	-116.162477
381	0.300242	75000	-0.205957	-116.368435
382	0.299029	75000	-0.205390	-116.573825
383	0.297819	75000	-0.205064	-116.778889
384	0.296611	75000	-0.204432	-116.983321
385	0.295407	75000	-0.204189	-117.187510
386	0.294206	75000	-0.203556	-117.391065
387	0.293007	75000	-0.203098	-117.594163
388	0.291812	75000	-0.202740	-117.796903
389	0.290619	75000	-0.202108	-117.999011
390	0.289430	75000	-0.201737	-118.200748
391	0.288243	75000	-0.201369	-118.402118
392	0.287059	75000	-0.200932	-118.603050
393	0.285879	75000	-0.200401	-118.803451
394	0.284701	75000	-0.199810	-119.003261
395	0.283526	75000	-0.199344	-119.202605
396	0.282354	75000	-0.198904	-119.401509
397	0.281184	75000	-0.198486	-119.599995
398	0.280018	75000	-0.197946	-119.797941
399	0.278855	75000	-0.197580	-119.995521
400	0.277694	75000	-0.197098	-120.192619
401	0.276537	75000	-0.196682	-120.389302
402	0.275382	75000	-0.196148	-120.585449
403	0.274230	75000	-0.195497	-120.780946
404	0.273082	75000	-0.195229	-120.976176
405	0.271936	75000	-0.194698	-121.170874
406	0.270793	75000	-0.194322	-121.365196
407	0.269652	75000	-0.193835	-121.559031
408	0.268515	75000	-0.193354	-121.752385
409	0.267381	75000	-0.192939	-121.945323
410	0.266249	75000	-0.192503	-122.137826
411	0.265121	75000	-0.191820	-122.329646
412	0.263995	75000	-0.191609	-122.521255
413	0.262872	75000	-0.191143	-122.712398
414	0.261752	75000	-0.190640	-122.903037
415	0.260635	75000	-0.190177	-123.093214
416	0.259520	75000	-0.189722	-123.282937
417	0.258409	75000	-0.189242	-123.472179
418	0.257300	75000	-0.188833	-123.661012
419	0.256195	75000	-0.188252	-123.849264
420	0.255092	75000	-0.187736	-124.037000
421	0.253992	75000	-0.187410	-124.224410
422	0.252895	75000	-0.186838	-124.411247
423	0.251800	75000	-0.186601	-124.597849
424	0.250709	75000	-0.186216	-124.784065
425	0.249620	75000	-0.185498	-124.969563
426	0.248534	75000	-0.185047	-125.154610
427	0.247451	75000	-0.184723	-125.339333
428	0.246371	75000	-0.184092	-125.523426
429	0.245294	75000	-0.183999	-125.707424
430	0.244220	75000	-0.183386	-125.890811
431	0.243148	75000	-0.182941	-126.073752
432	0.242079	75000	-0.182366	-126.256118
433	0.241013	75000	-0.182058	-126.438176
434	0.239950	75000	-0.181615	-126.619791
435	0.238890	75000	-0.181032	-126.800823
436	0.237832	75000	-0.180637	-126.981460
437	0.236778	75000	-0.180223	-127.161683
438	0.235726	75000	-0.179699	-127.341381
439	0.234677	75000	-0.179387	-127.520768
440	0.233630	75000	-0.178898	-127.699666
441	0.232587	75000	-0.178413	-127.878079
442	0.231546	75000	-0.178150	-128.056229
443	0.230509	75000	-0.177539	-128.233768
444	0.229473	75000	-0.177136	-128.410904
445	0.228441	75000	-0.176724	-128.587628
446	0.227412	75000	-0.176326	-128.763954
447	0.226385	75000	-0.175811	-128.939764
448	0.225361	75000	-0.175107	-129.114872
449	0.224340	75000	-0.175094	-129.289966
450	0.223322	75000	-0.174382	-129.464348
451	0.222306	75000	-0.173942	-129.638290
452	0.221293	75000	-0.173786	-129.812076
453	0.220283	75000	-0.173371	-129.985447
454	0.219276	75000	-0.172535	-130.157982
455	0.218272	75000	-0.172221	-130.330203
456	0.217270	75000	-0.171774	-130.501977
457	0.216271	75000	-0.171449	-130.673427
458	0.215275	75000	-0.170934	-130.844360
459	0.214281	75000	-0.170629	-131.014989
460	0.213291	75000	-0.170232	-131.185221
461	0.212303	75000	-0.169621	-131.354842
462	0.211318	75000	-0.169307	-131.524149
463	0.210335	75000	-0.168876	-131.693024
464	0.209356	75000	-0.168558	-131.861583
465	0.208379	75000	-0.168196	-132.029779
466	0.207404	75000	-0.167455	-132.197233
467	0.206433	75000	-0.166829	-132.364062
468	0.205464	75000	-0.166678	-132.530740
469	0.204498	75000	-0.166493	-132.697232
470	0.203535	75000	-0.165804	-132.863036
471	0.202575	75000	-0.165184	-133.028220
472	0.201617	75000	-0.164807	-133.193027
473	0.200662	75000	-0.164544	-133.357571
474	0.199709	75000	-0.164204	-133.521775
475	0.198760	75000	-0.163596	-133.685371
476	0.197813	75000	-0.163259	-133.848630
477	0.196869	75000	-0.162958	-134.011588
478	0.195927	75000	-0.162524	-134.174112
479	0.194988	75000	-0.161854	-134.335967
480	0.194052	75000	-0.161571	-134.497537
481	0.193119	75000	-0.161118	-134.658655
482	0.192188	75000	-0.160804	-134.819459
483	0.191260	75000	-0.160116	-134.979575
484	0.190335	75000	-0.159775	-135.139350
485	0.189412	75000	-0.159358	-135.298708
486	0.188492	75000	-0.159067	-135.457775
487	0.187575	75000	-0.158567	-135.616343
488	0.186660	75000	-0.158329	-135.774671
489	0.185749	75000	-0.157799	-135.932470
490	0.184839	75000	-0.157425	-136.089895
491	0.183933	75000	-0.156904	-136.246799
492	0.183029	75000	-0.156232	-136.403031
493	0.182128	75000	-0.156088	-136.559119
494	0.181229	75000	-0.155715	-136.714835
495	0.180333	75000	-0.155376	-136.870210
496	0.179440	75000	-0.154921	-137.025131
497	0.178550	75000	-0.154429	-137.179560
498	0.177662	75000	-0.154072	-137.333633
499	0.176777	75000	-0.153752	-137.487384
500	0.175894	75000	-0.153322	-137.640706
501	0.175014	75000	-0.152926	-137.793632
502	0.174137	75000	-0.152216	-137.945848
503	0.173262	75000	-0.152133	-138.097982
504	0.172390	75000	-0.151586	-138.249568
505	0.171521	75000	-0.151230	-138.400798
506	0.170654	75000	-0.151114	-138.551912
507	0.169790	75000	-0.150502	-138.702413
508	0.168929	75000	-0.149859	-138.852273
509	0.168070	75000	-0.149670	-139.001942
510	0.167214	75000	-0.149051	-139.150993
511	0.166360	75000	-0.148864	-139.299858
512	0.165509	75000	-0.148428	-139.448286
513	0.164661	75000	-0.147894	-139.596180
514	0.163815	75000	-0.147673	-139.743853
515	0.162972	75000	-0.147266	-139.891119
516	0.162132	75000	-0.146794	-140.037913
517	0.161294	75000	-0.146541	-140.184455
518	0.160458	75000	-0.145980	-140.330434
519	0.159626	75000	-0.145662	-140.476097
520	0.158796	75000	-0.145242	-140.621339
521	0.157968	75000	-0.144898	-140.766237
522	0.157143	75000	-0.144230	-140.910466
523	0.156321	75000	-0.143842	-141.054309
524	0.155501	75000	-0.143728	-141.198037
525	0.154684	75000	-0.143326	-141.341363
526	0.153870	75000	-0.142638	-141.484001
527	0.153058	75000	-0.142331	-141.626333
528	0.152248	75000	-0.142038	-141.768371
529	0.151441	75000	-0.141653	-141.910024
530	0.150637	75000	-0.141037	-142.051062
531	0.149835	75000	-0.140599	-142.191661
532	0.149036	75000	-0.140583	-142.332244
533	0.148240	75000	-0.140296	-142.472540
534	0.147446	75000	-0.139750	-142.612290
535	0.146654	75000	-0.139521	-142.751811
536	0.145865	75000	-0.138836	-142.890647
537	0.145079	75000	-0.138416	-143.029064
538	0.144295	75000	-0.138170	-143.167234
539	0.143514	75000	-0.138179	-143.305412
540	0.142735	75000	-0.137356	-143.442769
541	0.141959	75000	-0.136745	-143.579514
542	0.141186	75000	-0.136748	-143.716262
543	0.140415	75000	-0.135990	-143.852252
544	0.139646	75000	-0.135619	-143.987870
545	0.138880	75000	-0.135556	-144.123426
546	0.138116	75000	-0.135058	-144.258484
547	0.137356	75000	-0.134988	-144.393472
548	0.136597	75000	-0.134155	-144.527627
549	0.135841	75000	-0.134174	-144.661800
550	0.135088	75000	-0.133860	-144.795660
551	0.134337	75000	-0.133638	-144.929299
552	0.133588	75000	-0.133131	-145.062430
553	0.132843	75000	-0.132784	-145.195214
554	0.132099	75000	-0.132130	-145.327343
555	0.131358	75000	-0.132022	-145.459365
556	0.130620	75000	-0.131482	-145.590847
557	0.129884	75000	-0.131204	-145.722052
558	0.129151	75000	-0.130675	-145.852726
559	0.128420	75000	-0.130328	-145.983054
560	0.127691	75000	-0.129742	-146.112797
561	0.126965	75000	-0.129997	-146.242793
562	0.126242	75000	-0.129208	-146.372001
563	0.125521	75000	-0.129319	-146.501320
564	0.124802	75000	-0.128597	-146.629917
565	0.124086	75000	-0.128412	-146.758329
566	0.123373	75000	-0.127853	-146.886182
567	0.122662	75000	-0.127313	-147.013495
568	0.121953	75000	-0.127311	-147.140806
569	0.121247	75000	-0.126563	-147.267369
570	0.120543	75000	-0.126502	-147.393871
571	0.119842	75000	-0.126426	-147.520297
572	0.119143	75000	-0.126112	-147.646409
573	0.118447	75000	-0.125574	-147.771983
574	0.117753	75000	-0.125755	-147.897737
575	0.117062	75000	-0.124778	-148.022515
576	0.116373	75000	-0.124754	-148.147269
577	0.115686	75000	-0.124412	-148.271681
578	0.115002	75000	-0.123762	-148.395444
579	0.114320	75000	-0.123294	-148.518738
580	0.113641	75000	-0.123568	-148.642306
581	0.112964	75000	-0.122676	-148.764982
582	0.112290	75000	-0.122497	-148.887479
583	0.111618	75000	-0.122272	-149.009752
584	0.110948	75000	-0.122030	-149.131781
585	0.110281	75000	-0.121181	-149.252963
586	0.109616	75000	-0.121190	-149.374153
587	0.108954	75000	-0.120983	-149.495136
588	0.108294	75000	-0.120368	-149.615504
589	0.107637	75000	-0.120363	-149.735867
590	0.106981	75000	-0.120049	-149.855916
591	0.106329	75000	-0.119827	-149.975742
592	0.105678	75000	-0.119479	-150.095221
593	0.105030	75000	-0.118989	-150.214210
594	0.104385	75000	-0.118232	-150.332442
595	0.103742	75000	-0.117859	-150.450301
596	0.103101	75000	-0.117968	-150.568269
597	0.102463	75000	-0.117694	-150.685963
598	0.101827	75000	-0.117407	-150.803369
599	0.101193	75000	-0.117285	-150.920654
600	0.100562	75000	-0.117062	-151.037716
601	0.099933	75000	-0.116395	-151.154112
602	0.099306	75000	-0.115913	-151.270024
603	0.098682	75000	-0.115930	-151.385954
604	0.098060	75000	-0.115212	-151.501166
605	0.097441	75000	-0.114721	-151.615887
606	0.096824	75000	-0.114859	-151.730745
607	0.096209	75000	-0.114722	-151.845467
608	0.095596	75000	-0.114077	-151.959544
609	0.094986	75000	-0.113957	-152.073501
610	0.094379	75000	-0.113794	-152.187295
611	0.093773	75000	-0.113706	-152.301000
612	0.093170	75000	-0.112949	-152.413950
613	0.092570	75000	-0.112888	-152.526838
614	0.091971	75000	-0.112670	-152.639508
615	0.091375	75000	-0.111665	-152.751174
616	0.090781	75000	-0.112369	-152.863543
617	0.090190	75000	-0.111542	-152.975084
618	0.089601	75000	-0.110879	-153.085964
619	0.089014	75000	-0.111067	-153.197031
620	0.088430	75000	-0.110363	-153.307394
621	0.087848	75000	-0.110064	-153.417457
622	0.087268	75000	-0.109918	-153.527375
623	0.086690	75000	-0.109739	-153.637115
624	0.086115	75000	-0.109786	-153.746900
625	0.085542	75000	-0.109198	-153.856098
626	0.084971	75000	-0.108570	-153.964668
627	0.084403	75000	-0.108738	-154.073406
628	0.083837	75000	-0.108801	-154.182207
629	0.083273	75000	-0.107679	-154.289886
630	0.082712	75000	-0.107597	-154.397484
631	0.082152	75000	-0.107739	-154.505223
632	0.081595	75000	-0.107379	-154.612601
633	0.081041	75000	-0.107505	-154.720106
634	0.080488	75000	-0.106807	-154.826913
635	0.079938	75000	-0.106379	-154.933291
636	0.079390	75000	-0.106659	-155.039950
637	0.078845	75000	-0.106209	-155.146159
638	0.078301	75000	-0.105574	-155.251733
639	0.077760	75000	-0.105262	-155.356995
640	0.077221	75000	-0.105510	-155.462504
641	0.076684	75000	-0.105177	-155.567681
642	0.076150	75000	-0.104542	-155.672223
643	0.075618	75000	-0.104497	-155.776720
644	0.075088	75000	-0.104015	-155.880735
645	0.074560	75000	-0.104123	-155.984858
646	0.074035	75000	-0.103994	-156.088853
647	0.073512	75000	-0.103307	-156.192160
648	0.072991	75000	-0.103166	-156.295326
649	0.072472	75000	-0.102690	-156.398015
650	0.071955	75000	-0.102554	-156.500569
651	0.071441	75000	-0.101667	-156.602235
652	0.070929	75000	-0.102240	-156.704475
653	0.070419	75000	-0.101800	-156.806276
654	0.069911	75000	-0.101544	-156.907819
655	0.069406	75000	-0.101220	-157.009039
656	0.068903	75000	-0.100586	-157.109625
657	0.068401	75000	-0.100440	-157.210064
658	0.067903	75000	-0.100000	-157.310065
659	0.067406	75000	-0.100008	-157.410073
660	0.066911	75000	-0.099671	-157.509744
661	0.066419	75000	-0.099592	-157.609337
662	0.065929	75000	-0.099897	-157.709234
663	0.065441	75000	-0.098535	-157.807769
664	0.064955	75000	-0.098898	-157.906667
665	0.064471	75000	-0.098879	-158.005546
666	0.063990	75000	-0.097740	-158.103286
667	0.063510	75000	-0.098363	-158.201649
668	0.063033	75000	-0.097842	-158.299491
669	0.062558	75000	-0.097195	-158.396686
670	0.062085	75000	-0.097207	-158.493893
671	0.061615	75000	-0.097180	-158.591073
672	0.061146	75000	-0.096254	-158.687327
673	0.060680	75000	-0.097084	-158.784412
674	0.060216	75000	-0.095291	-158.879702
675	0.059753	75000	-0.096210	-158.975912
676	0.059293	75000	-0.095826	-159.071738
677	0.058836	75000	-0.095338	-159.167076
678	0.058380	75000	-0.095602	-159.262678
679	0.057926	75000	-0.094926	-159.357603
680	0.057475	75000	-0.094451	-159.452054
681	0.057025	75000	-0.094181	-159.546235
682	0.056578	75000	-0.093960	-159.640195
683	0.056133	75000	-0.093828	-159.734023
684	0.055690	75000	-0.093879	-159.827902
685	0.055249	75000	-0.093310	-159.921212
686	0.054810	75000	-0.093075	-160.014286
687	0.054373	75000	-0.092695	-160.106981
688	0.053939	75000	-0.092920	-160.199900
689	0.053506	75000	-0.092076	-160.291976
690	0.053076	75000	-0.091591	-160.383568
691	0.052647	75000	-0.090971	-160.474539
692	0.052221	75000	-0.091493	-160.566032
693	0.051797	75000	-0.090803	-160.656835
694	0.051375	75000	-0.090474	-160.747309
695	0.050955	75000	-0.089895	-160.837204
696	0.050537	75000	-0.089940	-160.927144
697	0.050121	75000	-0.090067	-161.017211
698	0.049707	75000	-0.089361	-161.106572
699	0.049295	75000	-0.089517	-161.196089
700	0.048885	75000	-0.088813	-161.284902
701	0.048478	75000	-0.088356	-161.373258
702	0.048072	75000	-0.088371	-161.461629
703	0.047668	75000	-0.088058	-161.549687
704	0.047267	75000	-0.087106	-161.636793
705	0.046867	75000	-0.087429	-161.724222
706	0.046470	75000	-0.087475	-161.811697
707	0.046074	75000	-0.086836	-161.898532
708	0.045681	75000	-0.086309	-161.984841
709	0.045289	75000	-0.086168	-162.071009
710	0.044900	75000	-0.085678	-162.156687
711	0.044512	75000	-0.085442	-162.242129
712	0.044127	75000	-0.085063	-162.327192
713	0.043744	75000	-0.085210	-162.412402
714	0.043362	75000	-0.084529	-162.496930
715	0.042983	75000	-0.084006	-162.580936
716	0.042606	75000	-0.083498	-162.664434
717	0.042230	75000	-0.083810	-162.748244
718	0.041857	75000	-0.083258	-162.831502
719	0.041485	75000	-0.082911	-162.914413
720	0.041116	75000	-0.082287	-162.996699
721	0.040749	75000	-0.082033	-163.078733
722	0.040383	75000	-0.082115	-163.160848
723	0.040020	75000	-0.081406	-163.242254
724	0.039658	75000	-0.081685	-163.323940
725	0.039299	75000	-0.080674	-163.404614
726	0.038941	75000	-0.080708	-163.485322
727	0.038585	75000	-0.080307	-163.565629
728	0.038232	75000	-0.080201	-163.645830
729	0.037880	75000	-0.079748	-163.725578
730	0.037530	75000	-0.079469	-163.805047
731	0.037182	75000	-0.079043	-163.884091
732	0.036836	75000	-0.078606	-163.962697
733	0.036493	75000	-0.077853	-164.040550
734	0.036151	75000	-0.077668	-164.118217
735	0.035810	75000	-0.077348	-164.195565
736	0.035472	75000	-0.077231	-164.272796
737	0.035136	75000	-0.077111	-164.349906
738	0.034802	75000	-0.076581	-164.426487
739	0.034469	75000	-0.076361	-164.502848
740	0.034139	75000	-0.075767	-164.578615
741	0.033810	75000	-0.075952	-164.654567
742	0.033484	75000	-0.074909	-164.729476
743	0.033159	75000	-0.074854	-164.804330
744	0.032836	75000	-0.074580	-164.878910
745	0.032515	75000	-0.074216	-164.953126
746	0.032196	75000	-0.073972	-165.027097
747	0.031879	75000	-0.073208	-165.100305
748	0.031563	75000	-0.072894	-165.173200
749	0.031250	75000	-0.072711	-165.245911
750	0.030938	75000	-0.072076	-165.317987
751	0.030629	75000	-0.072052	-165.390039
752	0.030321	75000	-0.071580	-165.461619
753	0.030015	75000	-0.071337	-165.532956
754	0.029711	75000	-0.071237	-165.604193
755	0.029409	75000	-0.070529	-165.674722
756	0.029108	75000	-0.070195	-165.744917
757	0.028810	75000	-0.069859	-165.814776
758	0.028513	75000	-0.069426	-165.884201
759	0.028218	75000	-0.069300	-165.953502
760	0.027925	75000	-0.068782	-166.022284
761	0.027634	75000	-0.068266	-166.090550
762	0.027345	75000	-0.067929	-166.158479
763	0.027057	75000	-0.067458	-166.225937
764	0.026771	75000	-0.067576	-166.293513
765	0.026487	75000	-0.066725	-166.360238
766	0.026205	75000	-0.066611	-166.426848
767	0.025925	75000	-0.066350	-166.493199
768	0.025647	75000	-0.066014	-166.559212
769	0.025370	75000	-0.065428	-166.624640
770	0.025095	75000	-0.065118	-166.689758
771	0.024822	75000	-0.064890	-166.754648
772	0.024551	75000	-0.063997	-166.818645
773	0.024281	75000	-0.064233	-166.882878
774	0.024014	75000	-0.063416	-166.946294
775	0.023748	75000	-0.063274	-167.009568
776	0.023483	75000	-0.062957	-167.072526
777	0.023221	75000	-0.062683	-167.135208
778	0.022960	75000	-0.062161	-167.197370
779	0.022702	75000	-0.061872	-167.259242
780	0.022445	75000	-0.061660	-167.320902
781	0.022189	75000	-0.060870	-167.381772
782	0.021936	75000	-0.060453	-167.442225
783	0.021684	75000	-0.060331	-167.502556
784	0.021434	75000	-0.059966	-167.562522
785	0.021185	75000	-0.059424	-167.621946
786	0.020939	75000	-0.059078	-167.681024
787	0.020694	75000	-0.058842	-167.739866
788	0.020451	75000	-0.058378	-167.798244
789	0.020209	75000	-0.058014	-167.856258
790	0.019969	75000	-0.057671	-167.913929
791	0.019731	75000	-0.057236	-167.971165
792	0.019495	75000	-0.056958	-168.028124
793	0.019261	75000	-0.056408	-168.084531
794	0.019028	75000	-0.056284	-168.140816
795	0.018796	75000	-0.055740	-168.196556
796	0.018567	75000	-0.055644	-168.252201
797	0.018339	75000	-0.055064	-168.307265
798	0.018113	75000	-0.054586	-168.361851
799	0.017889	75000	-0.054308	-168.416159
800	0.017666	75000	-0.053912	-168.470070
801	0.017445	75000	-0.053541	-168.523612
802	0.017225	75000	-0.053169	-168.576781
803	0.017007	75000	-0.052813	-168.629594
804	0.016791	75000	-0.052382	-168.681975
805	0.016577	75000	-0.052158	-168.734133
806	0.016364	75000	-0.051729	-168.785862
807	0.016153	75000	-0.051441	-168.837303
808	0.015943	75000	-0.050978	-168.888281
809	0.015736	75000	-0.050543	-168.938824
810	0.015529	75000	-0.050334	-168.989158
811	0.015325	75000	-0.049859	-169.039017
812	0.015122	75000	-0.049461	-169.088478
813	0.014920	75000	-0.049132	-169.137610
814	0.014721	75000	-0.048718	-169.186328
815	0.014523	75000	-0.048480	-169.234808
816	0.014326	75000	-0.047983	-169.282792
817	0.014131	75000	-0.047735	-169.330526
818	0.013938	75000	-0.047290	-169.377816
819	0.013746	75000	-0.046915	-169.424731
820	0.013556	75000	-0.046567	-169.471298
821	0.013367	75000	-0.046320	-169.517617
822	0.013181	75000	-0.045792	-169.563409
823	0.012995	75000	-0.045459	-169.608868
824	0.012811	75000	-0.045097	-169.653965
825	0.012629	75000	-0.044713	-169.698678
826	0.012448	75000	-0.044454	-169.743132
827	0.012269	75000	-0.043899	-169.787031
828	0.012092	75000	-0.043638	-169.830669
829	0.011916	75000	-0.043253	-169.873922
830	0.011741	75000	-0.042868	-169.916790
831	0.011568	75000	-0.042569	-169.959359
832	0.011397	75000	-0.042169	-170.001528
833	0.011227	75000	-0.041809	-170.043338
834	0.011059	75000	-0.041453	-170.084791
835	0.010892	75000	-0.041123	-170.125914
836	0.010727	75000	-0.040823	-170.166736
837	0.010563	75000	-0.040519	-170.207256
838	0.010401	75000	-0.039950	-170.247206
839	0.010240	75000	-0.039551	-170.286757
840	0.010081	75000	-0.039389	-170.326146
841	0.009923	75000	-0.039001	-170.365148
842	0.009767	75000	-0.038505	-170.403652
843	0.009612	75000	-0.038260	-170.441912
844	0.009459	75000	-0.037824	-170.479736
845	0.009307	75000	-0.037564	-170.517300
846	0.009156	75000	-0.037209	-170.554509
847	0.009008	75000	-0.036825	-170.591334
848	0.008860	75000	-0.036518	-170.627852
849	0.008714	75000	-0.036108	-170.663960
850	0.008570	75000	-0.035729	-170.699689
851	0.008427	75000	-0.035457	-170.735146
852	0.008285	75000	-0.035157	-170.770304
853	0.008145	75000	-0.034790	-170.805094
854	0.008006	75000	-0.034486	-170.839580
855	0.007869	75000	-0.034109	-170.873689
856	0.007733	75000	-0.033825	-170.907515
857	0.007598	75000	-0.033331	-170.940846
858	0.007465	75000	-0.033144	-170.973989
859	0.007334	75000	-0.032714	-171.006704
860	0.007203	75000	-0.032379	-171.039083
861	0.007075	75000	-0.032087	-171.071171
862	0.006947	75000	-0.031722	-171.102893
863	0.006821	75000	-0.031333	-171.134226
864	0.006696	75000	-0.031042	-171.165268
865	0.006573	75000	-0.030634	-171.195902
866	0.006451	75000	-0.030292	-171.226193
867	0.006330	75000	-0.030023	-171.256216
868	0.006211	75000	-0.029705	-171.285922
869	0.006093	75000	-0.029313	-171.315234
870	0.005977	75000	-0.028972	-171.344207
871	0.005862	75000	-0.028694	-171.372900
872	0.005748	75000	-0.028344	-171.401245
873	0.005635	75000	-0.028000	-171.429245
874	0.005524	75000	-0.027742	-171.456987
875	0.005414	75000	-0.027406	-171.484393
876	0.005306	75000	-0.027085	-171.511478
877	0.005199	75000	-0.026829	-171.538307
878	0.005093	75000	-0.026434	-171.564741
879	0.004988	75000	-0.026101	-171.590843
880	0.004885	75000	-0.025780	-171.616622
881	0.004783	75000	-0.025489	-171.642111
882	0.004682	75000	-0.025162	-171.667273
883	0.004583	75000	-0.024846	-171.692119
884	0.004485	75000	-0.024520	-171.716639
885	0.004388	75000	-0.024201	-171.740840
886	0.004292	75000	-0.023898	-171.764738
887	0.004198	75000	-0.023602	-171.788339
888	0.004105	75000	-0.023278	-171.811617
889	0.004013	75000	-0.022989	-171.834605
890	0.003923	75000	-0.022667	-171.857272
891	0.003833	75000	-0.022348	-171.879620
892	0.003745	75000	-0.022044	-171.901665
893	0.003658	75000	-0.021781	-171.923445
894	0.003573	75000	-0.021452	-171.944897
895	0.003488	75000	-0.021175	-171.966071
896	0.003405	75000	-0.020857	-171.986929
897	0.003323	75000	-0.020536	-172.007465
898	0.003242	75000	-0.020254	-172.027719
899	0.003162	75000	-0.019959	-172.047678
900	0.003084	75000	-0.019675	-172.067353
901	0.003007	75000	-0.019376	-172.086729
902	0.002930	75000	-0.019081	-172.105810
903	0.002855	75000	-0.018819	-172.124630
904	0.002782	75000	-0.018503	-172.143133
905	0.002709	75000	-0.018186	-172.161319
906	0.002638	75000	-0.017923	-172.179242
907	0.002567	75000	-0.017633	-172.196875
908	0.002498	75000	-0.017392	-172.214267
909	0.002430	75000	-0.017093	-172.231361
910	0.002363	75000	-0.016832	-172.248193
911	0.002297	75000	-0.016509	-172.264702
912	0.002233	75000	-0.016247	-172.280949
913	0.002169	75000	-0.016002	-172.296951
914	0.002106	75000	-0.015680	-172.312631
915	0.002045	75000	-0.015448	-172.328079
916	0.001985	75000	-0.015143	-172.343221
917	0.001925	75000	-0.014888	-172.358110
918	0.001867	75000	-0.014626	-172.372736
919	0.001810	75000	-0.014325	-172.387061
920	0.001754	75000	-0.014085	-172.401146
921	0.001699	75000	-0.013795	-172.414941
922	0.001645	75000	-0.013560	-172.428501
923	0.001592	75000	-0.013295	-172.441796
924	0.001540	75000	-0.013040	-172.454836
925	0.001490	75000	-0.012792	-172.467629
926	0.001440	75000	-0.012505	-172.480134
927	0.001391	75000	-0.012262	-172.492396
928	0.001343	75000	-0.012034	-172.504430
929	0.001296	75000	-0.011774	-172.516205
930	0.001251	75000	-0.011535	-172.527739
931	0.001206	75000	-0.011283	-172.539023
932	0.001162	75000	-0.011051	-172.550074
933	0.001119	75000	-0.010785	-172.560859
934	0.001077	75000	-0.010539	-172.571398
935	0.001036	75000	-0.010294	-172.581691
936	0.000996	75000	-0.010076	-172.591767
937	0.000957	75000	-0.009799	-172.601566
938	0.000919	75000	-0.009596	-172.611162
939	0.000882	75000	-0.009375	-172.620537
940	0.000846	75000	-0.009129	-172.629666
941	0.000810	75000	-0.008914	-172.638580
942	0.000776	75000	-0.008689	-172.647270
943	0.000742	75000	-0.008457	-172.655726
944	0.000709	75000	-0.008231	-172.663957
945	0.000678	75000	-0.008000	-172.671958
946	0.000647	75000	-0.007785	-172.679743
947	0.000617	75000	-0.007576	-172.687319
948	0.000587	75000	-0.007377	-172.694696
949	0.000559	75000	-0.007145	-172.701841
950	0.000531	75000	-0.006943	-172.708785
951	0.000505	75000	-0.006739	-172.715524
952	0.000479	75000	-0.006532	-172.722056
953	0.000454	75000	-0.006334	-172.728390
954	0.000430	75000	-0.006101	-172.734491
955	0.000406	75000	-0.005914	-172.740405
956	0.000383	75000	-0.005728	-172.746133
957	0.000362	75000	-0.005518	-172.751651
958	0.000340	75000	-0.005327	-172.756978
959	0.000320	75000	-0.005128	-172.762106
960	0.000300	75000	-0.004945	-172.767051
961	0.000281	75000	-0.004767	-172.771818
962	0.000263	75000	-0.004567	-172.776385
963	0.000246	75000	-0.004389	-172.780773
964	0.000229	75000	-0.004217	-172.784991
965	0.000213	75000	-0.004033	-172.789023
966	0.000198	75000	-0.003869	-172.792893
967	0.000183	75000	-0.003691	-172.796583
968	0.000169	75000	-0.003529	-172.800112
969	0.000156	75000	-0.003356	-172.803469
970	0.000143	75000	-0.003196	-172.806665
971	0.000131	75000	-0.003028	-172.809694
972	0.000120	75000	-0.002878	-172.812572
973	0.000109	75000	-0.002721	-172.815293
974	0.000099	75000	-0.002561	-172.817854
975	0.000089	75000	-0.002418	-172.820273
976	0.000080	75000	-0.002269	-172.822541
977	0.000072	75000	-0.002130	-172.824672
978	0.000064	75000	-0.001992	-172.826664
979	0.000057	75000	-0.001849	-172.828514
980	0.000050	75000	-0.001714	-172.830228
981	0.000043	75000	-0.001589	-172.831817
982	0.000038	75000	-0.001460	-172.833277
983	0.000032	75000	-0.001337	-172.834614
984	0.000028	75000	-0.001215	-172.835829
985	0.000023	75000	-0.001102	-172.836931
986	0.000019	75000	-0.000991	-172.837922
987	0.000016	75000	-0.000880	-172.838802
988	0.000013	75000	-0.000777	-172.839579
989	0.000010	75000	-0.000679	-172.840258
990	0.000008	75000	-0.000585	-172.840843
991	0.000006	75000	-0.000494	-172.841336
992	0.000004	75000	-0.000409	-172.841746
993	0.000003	75000	-0.000331	-172.842076
994	0.000002	75000	-0.000257	-172.842334
995	0.000001	75000	-0.000191	-172.842525
996	0.000000	75000	-0.000131	-172.842656
997	0.000000	75000	-0.000079	-172.842735
998	0.000000	75000	-0.000037	-172.842772
999	0.000000	75000	-0.000008	-172.842780
Log marginal likelihood:	-172.842780
