Steppingstone sampler:
        No Stones:                  1000
        Start It:                   10000001
        It Per Stone:               100000
        Sample Freq:                1
        Dist:                       Beta(0.400000,1.000000)
Stone No	Power	N	Stone MLh	Running MLh
0	0.997502	75000	-0.416726	-0.416726
1	0.995007	75000	-0.416583	-0.833309
2	0.992517	75000	-0.415515	-1.248824
3	0.990030	75000	-0.414846	-1.663670
4	0.987547	75000	-0.414649	-2.078320
5	0.985067	75000	-0.413880	-2.492199
6	0.982592	75000	-0.413621	-2.905820
7	0.980120	75000	-0.412695	-3.318515
8	0.977652	75000	-0.411563	-3.730077
9	0.975187	75000	-0.411302	-4.141380
10	0.972726	75000	-0.410597	-4.551976
11	0.970269	75000	-0.410600	-4.962576
12	0.967816	75000	-0.409940	-5.372516
13	0.965367	75000	-0.408753	-5.781269
14	0.962921	75000	-0.408543	-6.189811
15	0.960479	75000	-0.407709	-6.597520
16	0.958040	75000	-0.406990	-7.004511
17	0.955606	75000	-0.406611	-7.411122
18	0.953175	75000	-0.405955	-7.817077
19	0.950747	75000	-0.405635	-8.222712
20	0.948324	75000	-0.404700	-8.627412
21	0.945904	75000	-0.404153	-9.031565
22	0.943488	75000	-0.403748	-9.435313
23	0.941076	75000	-0.403077	-9.838390
24	0.938667	75000	-0.402657	-10.241047
25	0.936262	75000	-0.401743	-10.642789
26	0.933861	75000	-0.401133	-11.043922
27	0.931463	75000	-0.400604	-11.444527
28	0.929069	75000	-0.400021	-11.844548
29	0.926679	75000	-0.399452	-12.243999
30	0.924293	75000	-0.398824	-12.642824
31	0.921910	75000	-0.398536	-13.041360
32	0.919531	75000	-0.397532	-13.438891
33	0.917155	75000	-0.397063	-13.835955
34	0.914783	75000	-0.396494	-14.232449
35	0.912415	75000	-0.396140	-14.628588
36	0.910051	75000	-0.395242	-15.023830
37	0.907690	75000	-0.394932	-15.418762
38	0.905333	75000	-0.394411	-15.813172
39	0.902980	75000	-0.393546	-16.206718
40	0.900630	75000	-0.392759	-16.599477
41	0.898284	75000	-0.392252	-16.991729
42	0.895942	75000	-0.391239	-17.382968
43	0.893603	75000	-0.391118	-17.774087
44	0.891268	75000	-0.390450	-18.164537
45	0.888937	75000	-0.389951	-18.554487
46	0.886609	75000	-0.389584	-18.944072
47	0.884285	75000	-0.388988	-19.333059
48	0.881965	75000	-0.387896	-19.720955
49	0.879648	75000	-0.387786	-20.108741
50	0.877335	75000	-0.387125	-20.495866
51	0.875026	75000	-0.386401	-20.882267
52	0.872720	75000	-0.385748	-21.268016
53	0.870418	75000	-0.385364	-21.653380
54	0.868120	75000	-0.384665	-22.038045
55	0.865825	75000	-0.383938	-22.421982
56	0.863534	75000	-0.383347	-22.805329
57	0.861246	75000	-0.382836	-23.188165
58	0.858962	75000	-0.382116	-23.570281
59	0.856682	75000	-0.381602	-23.951883
60	0.854405	75000	-0.380875	-24.332757
61	0.852132	75000	-0.380504	-24.713261
62	0.849863	75000	-0.380078	-25.093339
63	0.847597	75000	-0.379400	-25.472739
64	0.845335	75000	-0.378833	-25.851572
65	0.843077	75000	-0.378215	-26.229787
66	0.840822	75000	-0.377574	-26.607361
67	0.838571	75000	-0.376892	-26.984253
68	0.836323	75000	-0.376492	-27.360744
69	0.834079	75000	-0.375563	-27.736307
70	0.831839	75000	-0.374986	-28.111293
71	0.829602	75000	-0.374554	-28.485847
72	0.827369	75000	-0.374179	-28.860026
73	0.825140	75000	-0.373432	-29.233458
74	0.822914	75000	-0.373111	-29.606569
75	0.820691	75000	-0.372103	-29.978672
76	0.818473	75000	-0.371714	-30.350386
77	0.816258	75000	-0.371209	-30.721594
78	0.814046	75000	-0.370561	-31.092155
79	0.811838	75000	-0.369921	-31.462076
80	0.809634	75000	-0.369415	-31.831491
81	0.807433	75000	-0.368795	-32.200286
82	0.805236	75000	-0.368322	-32.568609
83	0.803043	75000	-0.367405	-32.936014
84	0.800853	75000	-0.366674	-33.302688
85	0.798667	75000	-0.366358	-33.669045
86	0.796484	75000	-0.365899	-34.034944
87	0.794305	75000	-0.365136	-34.400080
88	0.792129	75000	-0.364687	-34.764767
89	0.789957	75000	-0.364323	-35.129090
90	0.787789	75000	-0.363468	-35.492557
91	0.785624	75000	-0.363455	-35.856012
92	0.783463	75000	-0.362336	-36.218347
93	0.781305	75000	-0.361795	-36.580142
94	0.779151	75000	-0.361236	-36.941378
95	0.777000	75000	-0.360903	-37.302281
96	0.774853	75000	-0.360144	-37.662426
97	0.772710	75000	-0.359703	-38.022129
98	0.770570	75000	-0.358799	-38.380928
99	0.768433	75000	-0.358214	-38.739142
100	0.766301	75000	-0.357644	-39.096786
101	0.764172	75000	-0.357121	-39.453907
102	0.762046	75000	-0.356797	-39.810703
103	0.759924	75000	-0.356104	-40.166807
104	0.757805	75000	-0.355648	-40.522455
105	0.755690	75000	-0.354862	-40.877317
106	0.753579	75000	-0.354382	-41.231699
107	0.751471	75000	-0.353675	-41.585374
108	0.749366	75000	-0.353192	-41.938566
109	0.747266	75000	-0.352716	-42.291282
110	0.745168	75000	-0.351977	-42.643259
111	0.743075	75000	-0.351332	-42.994591
112	0.740984	75000	-0.350967	-43.345558
113	0.738898	75000	-0.350389	-43.695946
114	0.736815	75000	-0.349987	-44.045934
115	0.734735	75000	-0.349404	-44.395337
116	0.732659	75000	-0.348663	-44.744000
117	0.730586	75000	-0.347957	-45.091957
118	0.728517	75000	-0.347537	-45.439494
119	0.726452	75000	-0.347009	-45.786503
120	0.724390	75000	-0.346604	-46.133107
121	0.722331	75000	-0.345833	-46.478940
122	0.720276	75000	-0.345173	-46.824113
123	0.718225	75000	-0.344502	-47.168615
124	0.716177	75000	-0.344308	-47.512923
125	0.714132	75000	-0.343630	-47.856553
126	0.712091	75000	-0.342801	-48.199354
127	0.710054	75000	-0.342563	-48.541917
128	0.708020	75000	-0.341724	-48.883641
129	0.705989	75000	-0.341261	-49.224902
130	0.703962	75000	-0.340330	-49.565232
131	0.701939	75000	-0.340301	-49.905533
132	0.699919	75000	-0.339459	-50.244991
133	0.697902	75000	-0.338952	-50.583943
134	0.695889	75000	-0.338433	-50.922376
135	0.693880	75000	-0.337950	-51.260325
136	0.691874	75000	-0.337241	-51.597567
137	0.689871	75000	-0.336906	-51.934473
138	0.687872	75000	-0.336218	-52.270691
139	0.685877	75000	-0.335615	-52.606306
140	0.683885	75000	-0.335006	-52.941312
141	0.681896	75000	-0.334376	-53.275687
142	0.679911	75000	-0.333894	-53.609582
143	0.677929	75000	-0.333239	-53.942821
144	0.675951	75000	-0.333073	-54.275894
145	0.673976	75000	-0.331950	-54.607845
146	0.672005	75000	-0.331505	-54.939349
147	0.670037	75000	-0.331045	-55.270394
148	0.668073	75000	-0.330756	-55.601150
149	0.666112	75000	-0.330025	-55.931175
150	0.664155	75000	-0.329290	-56.260465
151	0.662201	75000	-0.328854	-56.589319
152	0.660250	75000	-0.328372	-56.917691
153	0.658303	75000	-0.327588	-57.245279
154	0.656359	75000	-0.327190	-57.572469
155	0.654419	75000	-0.326653	-57.899121
156	0.652483	75000	-0.326226	-58.225347
157	0.650549	75000	-0.325532	-58.550880
158	0.648619	75000	-0.324918	-58.875798
159	0.646693	75000	-0.324536	-59.200334
160	0.644770	75000	-0.323790	-59.524124
161	0.642851	75000	-0.323216	-59.847340
162	0.640934	75000	-0.322637	-60.169977
163	0.639022	75000	-0.322324	-60.492301
164	0.637113	75000	-0.321536	-60.813836
165	0.635207	75000	-0.321031	-61.134868
166	0.633304	75000	-0.320449	-61.455317
167	0.631405	75000	-0.319854	-61.775171
168	0.629510	75000	-0.319391	-62.094562
169	0.627618	75000	-0.318999	-62.413561
170	0.625729	75000	-0.318243	-62.731804
171	0.623844	75000	-0.317501	-63.049306
172	0.621962	75000	-0.316952	-63.366258
173	0.620083	75000	-0.316627	-63.682885
174	0.618208	75000	-0.316089	-63.998974
175	0.616337	75000	-0.315398	-64.314373
176	0.614468	75000	-0.314921	-64.629293
177	0.612604	75000	-0.314257	-64.943550
178	0.610742	75000	-0.313955	-65.257505
179	0.608884	75000	-0.313230	-65.570735
180	0.607029	75000	-0.312722	-65.883457
181	0.605178	75000	-0.312172	-66.195629
182	0.603330	75000	-0.311647	-66.507276
183	0.601486	75000	-0.311155	-66.818431
184	0.599645	75000	-0.310395	-67.128825
185	0.597807	75000	-0.309900	-67.438725
186	0.595973	75000	-0.309622	-67.748347
187	0.594142	75000	-0.308831	-68.057178
188	0.592314	75000	-0.308222	-68.365400
189	0.590490	75000	-0.307899	-68.673299
190	0.588669	75000	-0.307044	-68.980343
191	0.586852	75000	-0.306586	-69.286929
192	0.585038	75000	-0.306158	-69.593088
193	0.583227	75000	-0.305719	-69.898807
194	0.581420	75000	-0.305184	-70.203991
195	0.579616	75000	-0.304580	-70.508571
196	0.577815	75000	-0.304021	-70.812592
197	0.576018	75000	-0.303361	-71.115953
198	0.574224	75000	-0.302777	-71.418730
199	0.572433	75000	-0.302333	-71.721064
200	0.570646	75000	-0.301551	-72.022615
201	0.568862	75000	-0.301241	-72.323856
202	0.567082	75000	-0.300688	-72.624543
203	0.565305	75000	-0.300075	-72.924619
204	0.563531	75000	-0.299632	-73.224250
205	0.561761	75000	-0.298946	-73.523196
206	0.559993	75000	-0.298521	-73.821716
207	0.558230	75000	-0.298151	-74.119868
208	0.556469	75000	-0.297265	-74.417133
209	0.554712	75000	-0.296976	-74.714108
210	0.552958	75000	-0.296186	-75.010294
211	0.551208	75000	-0.295985	-75.306279
212	0.549461	75000	-0.295292	-75.601571
213	0.547717	75000	-0.294901	-75.896472
214	0.545977	75000	-0.294262	-76.190734
215	0.544240	75000	-0.293730	-76.484464
216	0.542506	75000	-0.292876	-76.777340
217	0.540775	75000	-0.292487	-77.069827
218	0.539048	75000	-0.291798	-77.361625
219	0.537324	75000	-0.291422	-77.653047
220	0.535604	75000	-0.290846	-77.943894
221	0.533887	75000	-0.290494	-78.234388
222	0.532173	75000	-0.289836	-78.524223
223	0.530462	75000	-0.289407	-78.813631
224	0.528755	75000	-0.288767	-79.102398
225	0.527051	75000	-0.288173	-79.390570
226	0.525350	75000	-0.287651	-79.678221
227	0.523653	75000	-0.287111	-79.965332
228	0.521958	75000	-0.286664	-80.251996
229	0.520268	75000	-0.286086	-80.538083
230	0.518580	75000	-0.285418	-80.823501
231	0.516896	75000	-0.285136	-81.108637
232	0.515215	75000	-0.284428	-81.393065
233	0.513537	75000	-0.283646	-81.676711
234	0.511863	75000	-0.283577	-81.960288
235	0.510192	75000	-0.282793	-82.243081
236	0.508524	75000	-0.282311	-82.525392
237	0.506859	75000	-0.281808	-82.807200
238	0.505198	75000	-0.281266	-83.088466
239	0.503540	75000	-0.280702	-83.369168
240	0.501885	75000	-0.280110	-83.649278
241	0.500234	75000	-0.279670	-83.928948
242	0.498586	75000	-0.279105	-84.208054
243	0.496941	75000	-0.278554	-84.486607
244	0.495299	75000	-0.278123	-84.764730
245	0.493660	75000	-0.277458	-85.042188
246	0.492025	75000	-0.277062	-85.319250
247	0.490393	75000	-0.276495	-85.595745
248	0.488765	75000	-0.276016	-85.871761
249	0.487139	75000	-0.275507	-86.147268
250	0.485517	75000	-0.274755	-86.422022
251	0.483898	75000	-0.274332	-86.696355
252	0.482283	75000	-0.273785	-86.970140
253	0.480670	75000	-0.273427	-87.243567
254	0.479061	75000	-0.272744	-87.516311
255	0.477455	75000	-0.272306	-87.788617
256	0.475852	75000	-0.271820	-88.060437
257	0.474253	75000	-0.271065	-88.331502
258	0.472656	75000	-0.270653	-88.602155
259	0.471063	75000	-0.270203	-88.872358
260	0.469474	75000	-0.269677	-89.142035
261	0.467887	75000	-0.269085	-89.411120
262	0.466304	75000	-0.268726	-89.679846
263	0.464723	75000	-0.268054	-89.947900
264	0.463146	75000	-0.267489	-90.215389
265	0.461573	75000	-0.266861	-90.482250
266	0.460002	75000	-0.266509	-90.748759
267	0.458435	75000	-0.265919	-91.014679
268	0.456871	75000	-0.265326	-91.280004
269	0.455310	75000	-0.264791	-91.544795
270	0.453752	75000	-0.264363	-91.809158
271	0.452198	75000	-0.263726	-92.072884
272	0.450647	75000	-0.263358	-92.336242
273	0.449098	75000	-0.262897	-92.599140
274	0.447554	75000	-0.262426	-92.861565
275	0.446012	75000	-0.261818	-93.123383
276	0.444473	75000	-0.261219	-93.384602
277	0.442938	75000	-0.260651	-93.645252
278	0.441406	75000	-0.260093	-93.905346
279	0.439877	75000	-0.259678	-94.165023
280	0.438351	75000	-0.259097	-94.424121
281	0.436829	75000	-0.258732	-94.682853
282	0.435309	75000	-0.258157	-94.941010
283	0.433793	75000	-0.257521	-95.198531
284	0.432280	75000	-0.257138	-95.455669
285	0.430770	75000	-0.256530	-95.712199
286	0.429263	75000	-0.256177	-95.968376
287	0.427760	75000	-0.255531	-96.223907
288	0.426259	75000	-0.255003	-96.478910
289	0.424762	75000	-0.254634	-96.733544
290	0.423268	75000	-0.254035	-96.987579
291	0.421777	75000	-0.253526	-97.241105
292	0.420289	75000	-0.253171	-97.494276
293	0.418805	75000	-0.252525	-97.746801
294	0.417323	75000	-0.251967	-97.998768
295	0.415845	75000	-0.251331	-98.250099
296	0.414370	75000	-0.250829	-98.500928
297	0.412898	75000	-0.250380	-98.751308
298	0.411429	75000	-0.249821	-99.001130
299	0.409963	75000	-0.249308	-99.250437
300	0.408501	75000	-0.248866	-99.499303
301	0.407041	75000	-0.248299	-99.747602
302	0.405585	75000	-0.247736	-99.995338
303	0.404132	75000	-0.247364	-100.242702
304	0.402682	75000	-0.246773	-100.489475
305	0.401235	75000	-0.246251	-100.735726
306	0.399791	75000	-0.245674	-100.981399
307	0.398350	75000	-0.245311	-101.226710
308	0.396913	75000	-0.244807	-101.471518
309	0.395478	75000	-0.244336	-101.715854
310	0.394047	75000	-0.243763	-101.959618
311	0.392619	75000	-0.243191	-102.202809
312	0.391194	75000	-0.242705	-102.445514
313	0.389772	75000	-0.242332	-102.687846
314	0.388353	75000	-0.241584	-102.929430
315	0.386937	75000	-0.241017	-103.170447
316	0.385524	75000	-0.240756	-103.411203
317	0.384115	75000	-0.240205	-103.651408
318	0.382708	75000	-0.239669	-103.891078
319	0.381305	75000	-0.239136	-104.130214
320	0.379904	75000	-0.238616	-104.368830
321	0.378507	75000	-0.238164	-104.606993
322	0.377113	75000	-0.237742	-104.844735
323	0.375722	75000	-0.237321	-105.082056
324	0.374334	75000	-0.236672	-105.318728
325	0.372949	75000	-0.236223	-105.554951
326	0.371567	75000	-0.235646	-105.790597
327	0.370189	75000	-0.235017	-106.025614
328	0.368813	75000	-0.234549	-106.260163
329	0.367440	75000	-0.234059	-106.494221
330	0.366071	75000	-0.233614	-106.727835
331	0.364705	75000	-0.233051	-106.960886
332	0.363341	75000	-0.232701	-107.193587
333	0.361981	75000	-0.232286	-107.425873
334	0.360624	75000	-0.231747	-107.657620
335	0.359269	75000	-0.231238	-107.888858
336	0.357918	75000	-0.230618	-108.119476
337	0.356570	75000	-0.230265	-108.349741
338	0.355225	75000	-0.229647	-108.579388
339	0.353883	75000	-0.229107	-108.808495
340	0.352544	75000	-0.228692	-109.037187
341	0.351208	75000	-0.228215	-109.265402
342	0.349875	75000	-0.227764	-109.493166
343	0.348546	75000	-0.227244	-109.720410
344	0.347219	75000	-0.226629	-109.947040
345	0.345895	75000	-0.226313	-110.173353
346	0.344574	75000	-0.225681	-110.399033
347	0.343257	75000	-0.225175	-110.624209
348	0.341942	75000	-0.224623	-110.848832
349	0.340630	75000	-0.224160	-111.072992
350	0.339322	75000	-0.223745	-111.296737
351	0.338016	75000	-0.223133	-111.519869
352	0.336714	75000	-0.222838	-111.742708
353	0.335414	75000	-0.222203	-111.964910
354	0.334118	75000	-0.221809	-112.186719
355	0.332824	75000	-0.221391	-112.408110
356	0.331534	75000	-0.220612	-112.628722
357	0.330246	75000	-0.220350	-112.849072
358	0.328962	75000	-0.219646	-113.068718
359	0.327680	75000	-0.219239	-113.287957
360	0.326401	75000	-0.218729	-113.506686
361	0.325126	75000	-0.218326	-113.725012
362	0.323853	75000	-0.217842	-113.942854
363	0.322584	75000	-0.217323	-114.160178
364	0.321317	75000	-0.216767	-114.376945
365	0.320054	75000	-0.216354	-114.593299
366	0.318793	75000	-0.215852	-114.809151
367	0.317536	75000	-0.215521	-115.024672
368	0.316281	75000	-0.214906	-115.239578
369	0.315030	75000	-0.214488	-115.454066
370	0.313781	75000	-0.213962	-115.668028
371	0.312535	75000	-0.213451	-115.881479
372	0.311293	75000	-0.213048	-116.094527
373	0.310053	75000	-0.212408	-116.306935
374	0.308816	75000	-0.211849	-116.518785
375	0.307582	75000	-0.211471	-116.730255
376	0.306352	75000	-0.211098	-116.941353
377	0.305124	75000	-0.210525	-117.151878
378	0.303899	75000	-0.210064	-117.361942
379	0.302677	75000	-0.209516	-117.571459
380	0.301458	75000	-0.209181	-117.780640
381	0.300242	75000	-0.208582	-117.989221
382	0.299029	75000	-0.208205	-118.197427
383	0.297819	75000	-0.207687	-118.405114
384	0.296611	75000	-0.207141	-118.612255
385	0.295407	75000	-0.206652	-118.818907
386	0.294206	75000	-0.206143	-119.025049
387	0.293007	75000	-0.205744	-119.230793
388	0.291812	75000	-0.205327	-119.436120
389	0.290619	75000	-0.204676	-119.640796
390	0.289430	75000	-0.204279	-119.845075
391	0.288243	75000	-0.203852	-120.048927
392	0.287059	75000	-0.203300	-120.252227
393	0.285879	75000	-0.202850	-120.455077
394	0.284701	75000	-0.202395	-120.657472
395	0.283526	75000	-0.201923	-120.859395
396	0.282354	75000	-0.201548	-121.060944
397	0.281184	75000	-0.200985	-121.261928
398	0.280018	75000	-0.200523	-121.462451
399	0.278855	75000	-0.199972	-121.662423
400	0.277694	75000	-0.199634	-121.862057
401	0.276537	75000	-0.199232	-122.061289
402	0.275382	75000	-0.198616	-122.259905
403	0.274230	75000	-0.198142	-122.458047
404	0.273082	75000	-0.197706	-122.655753
405	0.271936	75000	-0.197156	-122.852909
406	0.270793	75000	-0.196830	-123.049739
407	0.269652	75000	-0.196305	-123.246044
408	0.268515	75000	-0.195886	-123.441930
409	0.267381	75000	-0.195359	-123.637290
410	0.266249	75000	-0.194915	-123.832205
411	0.265121	75000	-0.194327	-124.026532
412	0.263995	75000	-0.193921	-124.220453
413	0.262872	75000	-0.193507	-124.413960
414	0.261752	75000	-0.192987	-124.606947
415	0.260635	75000	-0.192495	-124.799441
416	0.259520	75000	-0.191960	-124.991402
417	0.258409	75000	-0.191680	-125.183082
418	0.257300	75000	-0.191129	-125.374211
419	0.256195	75000	-0.190629	-125.564840
420	0.255092	75000	-0.190265	-125.755105
421	0.253992	75000	-0.189744	-125.944849
422	0.252895	75000	-0.189322	-126.134171
423	0.251800	75000	-0.188936	-126.323107
424	0.250709	75000	-0.188253	-126.511360
425	0.249620	75000	-0.187830	-126.699190
426	0.248534	75000	-0.187264	-126.886453
427	0.247451	75000	-0.186931	-127.073384
428	0.246371	75000	-0.186528	-127.259912
429	0.245294	75000	-0.186103	-127.446014
430	0.244220	75000	-0.185461	-127.631475
431	0.243148	75000	-0.185319	-127.816794
432	0.242079	75000	-0.184628	-128.001422
433	0.241013	75000	-0.184276	-128.185698
434	0.239950	75000	-0.183602	-128.369300
435	0.238890	75000	-0.183385	-128.552685
436	0.237832	75000	-0.182807	-128.735492
437	0.236778	75000	-0.182443	-128.917935
438	0.235726	75000	-0.181934	-129.099869
439	0.234677	75000	-0.181422	-129.281291
440	0.233630	75000	-0.181091	-129.462382
441	0.232587	75000	-0.180497	-129.642879
442	0.231546	75000	-0.180187	-129.823066
443	0.230509	75000	-0.179711	-130.002777
444	0.229473	75000	-0.179258	-130.182034
445	0.228441	75000	-0.178642	-130.360676
446	0.227412	75000	-0.178384	-130.539060
447	0.226385	75000	-0.177965	-130.717025
448	0.225361	75000	-0.177388	-130.894413
449	0.224340	75000	-0.176993	-131.071406
450	0.223322	75000	-0.176532	-131.247937
451	0.222306	75000	-0.175939	-131.423877
452	0.221293	75000	-0.175687	-131.599564
453	0.220283	75000	-0.175272	-131.774836
454	0.219276	75000	-0.174696	-131.949532
455	0.218272	75000	-0.174373	-132.123905
456	0.217270	75000	-0.173923	-132.297828
457	0.216271	75000	-0.173311	-132.471139
458	0.215275	75000	-0.173017	-132.644156
459	0.214281	75000	-0.172394	-132.816549
460	0.213291	75000	-0.172175	-132.988724
461	0.212303	75000	-0.171650	-133.160374
462	0.211318	75000	-0.171242	-133.331615
463	0.210335	75000	-0.170915	-133.502530
464	0.209356	75000	-0.170277	-133.672807
465	0.208379	75000	-0.169761	-133.842568
466	0.207404	75000	-0.169462	-134.012030
467	0.206433	75000	-0.169013	-134.181044
468	0.205464	75000	-0.168402	-134.349445
469	0.204498	75000	-0.168105	-134.517551
470	0.203535	75000	-0.167582	-134.685133
471	0.202575	75000	-0.167117	-134.852250
472	0.201617	75000	-0.166722	-135.018972
473	0.200662	75000	-0.166501	-135.185474
474	0.199709	75000	-0.165822	-135.351295
475	0.198760	75000	-0.165421	-135.516716
476	0.197813	75000	-0.164933	-135.681649
477	0.196869	75000	-0.164522	-135.846170
478	0.195927	75000	-0.164248	-136.010419
479	0.194988	75000	-0.163729	-136.174148
480	0.194052	75000	-0.163416	-136.337564
481	0.193119	75000	-0.162945	-136.500509
482	0.192188	75000	-0.162384	-136.662893
483	0.191260	75000	-0.161851	-136.824744
484	0.190335	75000	-0.161586	-136.986330
485	0.189412	75000	-0.161073	-137.147402
486	0.188492	75000	-0.160582	-137.307984
487	0.187575	75000	-0.160190	-137.468174
488	0.186660	75000	-0.159940	-137.628114
489	0.185749	75000	-0.159295	-137.787409
490	0.184839	75000	-0.158978	-137.946387
491	0.183933	75000	-0.158492	-138.104879
492	0.183029	75000	-0.158306	-138.263185
493	0.182128	75000	-0.157721	-138.420906
494	0.181229	75000	-0.157166	-138.578072
495	0.180333	75000	-0.156754	-138.734826
496	0.179440	75000	-0.156379	-138.891205
497	0.178550	75000	-0.156025	-139.047230
498	0.177662	75000	-0.155593	-139.202823
499	0.176777	75000	-0.155184	-139.358007
500	0.175894	75000	-0.154659	-139.512665
501	0.175014	75000	-0.154427	-139.667092
502	0.174137	75000	-0.153797	-139.820889
503	0.173262	75000	-0.153512	-139.974401
504	0.172390	75000	-0.153038	-140.127439
505	0.171521	75000	-0.152795	-140.280234
506	0.170654	75000	-0.152195	-140.432429
507	0.169790	75000	-0.151805	-140.584234
508	0.168929	75000	-0.151410	-140.735644
509	0.168070	75000	-0.150939	-140.886583
510	0.167214	75000	-0.150602	-141.037184
511	0.166360	75000	-0.150036	-141.187220
512	0.165509	75000	-0.149662	-141.336883
513	0.164661	75000	-0.149255	-141.486137
514	0.163815	75000	-0.149038	-141.635175
515	0.162972	75000	-0.148357	-141.783533
516	0.162132	75000	-0.148049	-141.931581
517	0.161294	75000	-0.147642	-142.079224
518	0.160458	75000	-0.147233	-142.226457
519	0.159626	75000	-0.146785	-142.373242
520	0.158796	75000	-0.146409	-142.519651
521	0.157968	75000	-0.145799	-142.665450
522	0.157143	75000	-0.145628	-142.811078
523	0.156321	75000	-0.145222	-142.956300
524	0.155501	75000	-0.144941	-143.101241
525	0.154684	75000	-0.144346	-143.245587
526	0.153870	75000	-0.143818	-143.389406
527	0.153058	75000	-0.143728	-143.533134
528	0.152248	75000	-0.143139	-143.676273
529	0.151441	75000	-0.142831	-143.819103
530	0.150637	75000	-0.142434	-143.961538
531	0.149835	75000	-0.141836	-144.103373
532	0.149036	75000	-0.141625	-144.244999
533	0.148240	75000	-0.141072	-144.386070
534	0.147446	75000	-0.140718	-144.526789
535	0.146654	75000	-0.140330	-144.667119
536	0.145865	75000	-0.139872	-144.806991
537	0.145079	75000	-0.139240	-144.946231
538	0.144295	75000	-0.139072	-145.085303
539	0.143514	75000	-0.138929	-145.224233
540	0.142735	75000	-0.138358	-145.362591
541	0.141959	75000	-0.137743	-145.500334
542	0.141186	75000	-0.137671	-145.638005
543	0.140415	75000	-0.137180	-145.775185
544	0.139646	75000	-0.136964	-145.912149
545	0.138880	75000	-0.136339	-146.048488
546	0.138116	75000	-0.135929	-146.184418
547	0.137356	75000	-0.135550	-146.319967
548	0.136597	75000	-0.135211	-146.455179
549	0.135841	75000	-0.134588	-146.589767
550	0.135088	75000	-0.134271	-146.724038
551	0.134337	75000	-0.133856	-146.857894
552	0.133588	75000	-0.133732	-146.991626
553	0.132843	75000	-0.133185	-147.124811
554	0.132099	75000	-0.132773	-147.257584
555	0.131358	75000	-0.132560	-147.390144
556	0.130620	75000	-0.132143	-147.522287
557	0.129884	75000	-0.131502	-147.653789
558	0.129151	75000	-0.131259	-147.785048
559	0.128420	75000	-0.131021	-147.916069
560	0.127691	75000	-0.130428	-148.046496
561	0.126965	75000	-0.130277	-148.176774
562	0.126242	75000	-0.129665	-148.306439
563	0.125521	75000	-0.129361	-148.435800
564	0.124802	75000	-0.128634	-148.564434
565	0.124086	75000	-0.128472	-148.692906
566	0.123373	75000	-0.128168	-148.821073
567	0.122662	75000	-0.127808	-148.948881
568	0.121953	75000	-0.127588	-149.076470
569	0.121247	75000	-0.127154	-149.203624
570	0.120543	75000	-0.126767	-149.330391
571	0.119842	75000	-0.126414	-149.456806
572	0.119143	75000	-0.125981	-149.582787
573	0.118447	75000	-0.125823	-149.708610
574	0.117753	75000	-0.125144	-149.833754
575	0.117062	75000	-0.124931	-149.958685
576	0.116373	75000	-0.124378	-150.083063
577	0.115686	75000	-0.123876	-150.206939
578	0.115002	75000	-0.123591	-150.330531
579	0.114320	75000	-0.123449	-150.453980
580	0.113641	75000	-0.122902	-150.576882
581	0.112964	75000	-0.122720	-150.699602
582	0.112290	75000	-0.122140	-150.821742
583	0.111618	75000	-0.121797	-150.943539
584	0.110948	75000	-0.121704	-151.065243
585	0.110281	75000	-0.120965	-151.186208
586	0.109616	75000	-0.120838	-151.307047
587	0.108954	75000	-0.120243	-151.427290
588	0.108294	75000	-0.120065	-151.547355
589	0.107637	75000	-0.120031	-151.667386
590	0.106981	75000	-0.119564	-151.786950
591	0.106329	75000	-0.118962	-151.905912
592	0.105678	75000	-0.118561	-152.024473
593	0.105030	75000	-0.118349	-152.142822
594	0.104385	75000	-0.117876	-152.260697
595	0.103742	75000	-0.117825	-152.378523
596	0.103101	75000	-0.117228	-152.495751
597	0.102463	75000	-0.116901	-152.612652
598	0.101827	75000	-0.116387	-152.729039
599	0.101193	75000	-0.116163	-152.845202
600	0.100562	75000	-0.115863	-152.961065
601	0.099933	75000	-0.115503	-153.076567
602	0.099306	75000	-0.115039	-153.191606
603	0.098682	75000	-0.114818	-153.306424
604	0.098060	75000	-0.114679	-153.421103
605	0.097441	75000	-0.114227	-153.535330
606	0.096824	75000	-0.113860	-153.649190
607	0.096209	75000	-0.113322	-153.762512
608	0.095596	75000	-0.113103	-153.875615
609	0.094986	75000	-0.112972	-153.988588
610	0.094379	75000	-0.112765	-154.101353
611	0.093773	75000	-0.112264	-154.213617
612	0.093170	75000	-0.111859	-154.325476
613	0.092570	75000	-0.111619	-154.437095
614	0.091971	75000	-0.111215	-154.548310
615	0.091375	75000	-0.111160	-154.659471
616	0.090781	75000	-0.110384	-154.769854
617	0.090190	75000	-0.110221	-154.880075
618	0.089601	75000	-0.109757	-154.989832
619	0.089014	75000	-0.109532	-155.099364
620	0.088430	75000	-0.109178	-155.208542
621	0.087848	75000	-0.108467	-155.317008
622	0.087268	75000	-0.108767	-155.425775
623	0.086690	75000	-0.108182	-155.533957
624	0.086115	75000	-0.107835	-155.641792
625	0.085542	75000	-0.107527	-155.749319
626	0.084971	75000	-0.107148	-155.856467
627	0.084403	75000	-0.106893	-155.963360
628	0.083837	75000	-0.106605	-156.069966
629	0.083273	75000	-0.106278	-156.176244
630	0.082712	75000	-0.106174	-156.282418
631	0.082152	75000	-0.105726	-156.388144
632	0.081595	75000	-0.105303	-156.493447
633	0.081041	75000	-0.105001	-156.598447
634	0.080488	75000	-0.105024	-156.703471
635	0.079938	75000	-0.104189	-156.807660
636	0.079390	75000	-0.103862	-156.911522
637	0.078845	75000	-0.103865	-157.015387
638	0.078301	75000	-0.103701	-157.119089
639	0.077760	75000	-0.103218	-157.222307
640	0.077221	75000	-0.102553	-157.324860
641	0.076684	75000	-0.102348	-157.427208
642	0.076150	75000	-0.102435	-157.529643
643	0.075618	75000	-0.101993	-157.631636
644	0.075088	75000	-0.101617	-157.733253
645	0.074560	75000	-0.101525	-157.834777
646	0.074035	75000	-0.101073	-157.935850
647	0.073512	75000	-0.100787	-158.036637
648	0.072991	75000	-0.100507	-158.137144
649	0.072472	75000	-0.100323	-158.237466
650	0.071955	75000	-0.099880	-158.337347
651	0.071441	75000	-0.099511	-158.436857
652	0.070929	75000	-0.099238	-158.536096
653	0.070419	75000	-0.099111	-158.635207
654	0.069911	75000	-0.099019	-158.734226
655	0.069406	75000	-0.098871	-158.833097
656	0.068903	75000	-0.098240	-158.931337
657	0.068401	75000	-0.097688	-159.029025
658	0.067903	75000	-0.097379	-159.126404
659	0.067406	75000	-0.097331	-159.223735
660	0.066911	75000	-0.096994	-159.320729
661	0.066419	75000	-0.096772	-159.417500
662	0.065929	75000	-0.096578	-159.514079
663	0.065441	75000	-0.096123	-159.610201
664	0.064955	75000	-0.095846	-159.706047
665	0.064471	75000	-0.095685	-159.801732
666	0.063990	75000	-0.095224	-159.896956
667	0.063510	75000	-0.095160	-159.992116
668	0.063033	75000	-0.094466	-160.086582
669	0.062558	75000	-0.094085	-160.180667
670	0.062085	75000	-0.094364	-160.275032
671	0.061615	75000	-0.093914	-160.368945
672	0.061146	75000	-0.093531	-160.462476
673	0.060680	75000	-0.093682	-160.556158
674	0.060216	75000	-0.093309	-160.649466
675	0.059753	75000	-0.092630	-160.742096
676	0.059293	75000	-0.092511	-160.834607
677	0.058836	75000	-0.092974	-160.927581
678	0.058380	75000	-0.091706	-161.019287
679	0.057926	75000	-0.091831	-161.111119
680	0.057475	75000	-0.091810	-161.202928
681	0.057025	75000	-0.091310	-161.294238
682	0.056578	75000	-0.091050	-161.385289
683	0.056133	75000	-0.090721	-161.476009
684	0.055690	75000	-0.090900	-161.566909
685	0.055249	75000	-0.090734	-161.657644
686	0.054810	75000	-0.090191	-161.747834
687	0.054373	75000	-0.089891	-161.837726
688	0.053939	75000	-0.089324	-161.927049
689	0.053506	75000	-0.089078	-162.016128
690	0.053076	75000	-0.089054	-162.105182
691	0.052647	75000	-0.089114	-162.194295
692	0.052221	75000	-0.088575	-162.282870
693	0.051797	75000	-0.088229	-162.371100
694	0.051375	75000	-0.088264	-162.459363
695	0.050955	75000	-0.087657	-162.547020
696	0.050537	75000	-0.087374	-162.634395
697	0.050121	75000	-0.087173	-162.721567
698	0.049707	75000	-0.086625	-162.808192
699	0.049295	75000	-0.086496	-162.894689
700	0.048885	75000	-0.086841	-162.981530
701	0.048478	75000	-0.086387	-163.067917
702	0.048072	75000	-0.086134	-163.154050
703	0.047668	75000	-0.085563	-163.239613
704	0.047267	75000	-0.085393	-163.325006
705	0.046867	75000	-0.085062	-163.410068
706	0.046470	75000	-0.084706	-163.494773
707	0.046074	75000	-0.085106	-163.579880
708	0.045681	75000	-0.084853	-163.664732
709	0.045289	75000	-0.084586	-163.749318
710	0.044900	75000	-0.083950	-163.833268
711	0.044512	75000	-0.083677	-163.916945
712	0.044127	75000	-0.083600	-164.000546
713	0.043744	75000	-0.083604	-164.084149
714	0.043362	75000	-0.083251	-164.167400
715	0.042983	75000	-0.082872	-164.250272
716	0.042606	75000	-0.082445	-164.332717
717	0.042230	75000	-0.082356	-164.415073
718	0.041857	75000	-0.082178	-164.497251
719	0.041485	75000	-0.081749	-164.579000
720	0.041116	75000	-0.081528	-164.660527
721	0.040749	75000	-0.081706	-164.742233
722	0.040383	75000	-0.080509	-164.822743
723	0.040020	75000	-0.080644	-164.903386
724	0.039658	75000	-0.080405	-164.983791
725	0.039299	75000	-0.080135	-165.063927
726	0.038941	75000	-0.079508	-165.143435
727	0.038585	75000	-0.079666	-165.223100
728	0.038232	75000	-0.079493	-165.302593
729	0.037880	75000	-0.079524	-165.382117
730	0.037530	75000	-0.078918	-165.461035
731	0.037182	75000	-0.078506	-165.539541
732	0.036836	75000	-0.078561	-165.618102
733	0.036493	75000	-0.078265	-165.696368
734	0.036151	75000	-0.077700	-165.774068
735	0.035810	75000	-0.077539	-165.851607
736	0.035472	75000	-0.077584	-165.929192
737	0.035136	75000	-0.077222	-166.006414
738	0.034802	75000	-0.076742	-166.083156
739	0.034469	75000	-0.076242	-166.159398
740	0.034139	75000	-0.076429	-166.235827
741	0.033810	75000	-0.076398	-166.312225
742	0.033484	75000	-0.075558	-166.387783
743	0.033159	75000	-0.075333	-166.463117
744	0.032836	75000	-0.075239	-166.538355
745	0.032515	75000	-0.074736	-166.613091
746	0.032196	75000	-0.074820	-166.687911
747	0.031879	75000	-0.074350	-166.762262
748	0.031563	75000	-0.074094	-166.836356
749	0.031250	75000	-0.074001	-166.910357
750	0.030938	75000	-0.073502	-166.983859
751	0.030629	75000	-0.073328	-167.057187
752	0.030321	75000	-0.072961	-167.130148
753	0.030015	75000	-0.072824	-167.202972
754	0.029711	75000	-0.072449	-167.275420
755	0.029409	75000	-0.072102	-167.347522
756	0.029108	75000	-0.071792	-167.419314
757	0.028810	75000	-0.071484	-167.490798
758	0.028513	75000	-0.071426	-167.562224
759	0.028218	75000	-0.071315	-167.633539
760	0.027925	75000	-0.070829	-167.704368
761	0.027634	75000	-0.070254	-167.774622
762	0.027345	75000	-0.069922	-167.844544
763	0.027057	75000	-0.069638	-167.914182
764	0.026771	75000	-0.069610	-167.983791
765	0.026487	75000	-0.069423	-168.053215
766	0.026205	75000	-0.068735	-168.121950
767	0.025925	75000	-0.068734	-168.190683
768	0.025647	75000	-0.068758	-168.259442
769	0.025370	75000	-0.067824	-168.327266
770	0.025095	75000	-0.067931	-168.395196
771	0.024822	75000	-0.067468	-168.462664
772	0.024551	75000	-0.067605	-168.530269
773	0.024281	75000	-0.067139	-168.597408
774	0.024014	75000	-0.066537	-168.663945
775	0.023748	75000	-0.066405	-168.730350
776	0.023483	75000	-0.065894	-168.796244
777	0.023221	75000	-0.065650	-168.861895
778	0.022960	75000	-0.065045	-168.926940
779	0.022702	75000	-0.065041	-168.991981
780	0.022445	75000	-0.065079	-169.057060
781	0.022189	75000	-0.064327	-169.121387
782	0.021936	75000	-0.063951	-169.185339
783	0.021684	75000	-0.063722	-169.249060
784	0.021434	75000	-0.063528	-169.312588
785	0.021185	75000	-0.063069	-169.375657
786	0.020939	75000	-0.062718	-169.438375
787	0.020694	75000	-0.062167	-169.500542
788	0.020451	75000	-0.061837	-169.562379
789	0.020209	75000	-0.061813	-169.624192
790	0.019969	75000	-0.061325	-169.685517
791	0.019731	75000	-0.061077	-169.746594
792	0.019495	75000	-0.060643	-169.807237
793	0.019261	75000	-0.060201	-169.867438
794	0.019028	75000	-0.060072	-169.927511
795	0.018796	75000	-0.059989	-169.987499
796	0.018567	75000	-0.059160	-170.046659
797	0.018339	75000	-0.059049	-170.105708
798	0.018113	75000	-0.058663	-170.164372
799	0.017889	75000	-0.058182	-170.222554
800	0.017666	75000	-0.058116	-170.280670
801	0.017445	75000	-0.057643	-170.338313
802	0.017225	75000	-0.057386	-170.395698
803	0.017007	75000	-0.056882	-170.452580
804	0.016791	75000	-0.056584	-170.509164
805	0.016577	75000	-0.056281	-170.565445
806	0.016364	75000	-0.056034	-170.621479
807	0.016153	75000	-0.055553	-170.677031
808	0.015943	75000	-0.055292	-170.732323
809	0.015736	75000	-0.054971	-170.787295
810	0.015529	75000	-0.054513	-170.841808
811	0.015325	75000	-0.054191	-170.895999
812	0.015122	75000	-0.053594	-170.949593
813	0.014920	75000	-0.053488	-171.003081
814	0.014721	75000	-0.053311	-171.056392
815	0.014523	75000	-0.052457	-171.108849
816	0.014326	75000	-0.052442	-171.161291
817	0.014131	75000	-0.052329	-171.213620
818	0.013938	75000	-0.052003	-171.265623
819	0.013746	75000	-0.051517	-171.317141
820	0.013556	75000	-0.051166	-171.368307
821	0.013367	75000	-0.050702	-171.419009
822	0.013181	75000	-0.050400	-171.469409
823	0.012995	75000	-0.049852	-171.519261
824	0.012811	75000	-0.049764	-171.569025
825	0.012629	75000	-0.049173	-171.618198
826	0.012448	75000	-0.048941	-171.667139
827	0.012269	75000	-0.048606	-171.715745
828	0.012092	75000	-0.048399	-171.764144
829	0.011916	75000	-0.047835	-171.811979
830	0.011741	75000	-0.047533	-171.859512
831	0.011568	75000	-0.047342	-171.906854
832	0.011397	75000	-0.046596	-171.953450
833	0.011227	75000	-0.046329	-171.999780
834	0.011059	75000	-0.045949	-172.045729
835	0.010892	75000	-0.045725	-172.091454
836	0.010727	75000	-0.045252	-172.136707
837	0.010563	75000	-0.044896	-172.181603
838	0.010401	75000	-0.044471	-172.226074
839	0.010240	75000	-0.044098	-172.270172
840	0.010081	75000	-0.043853	-172.314025
841	0.009923	75000	-0.043466	-172.357491
842	0.009767	75000	-0.042905	-172.400396
843	0.009612	75000	-0.043024	-172.443420
844	0.009459	75000	-0.042222	-172.485641
845	0.009307	75000	-0.041812	-172.527453
846	0.009156	75000	-0.041552	-172.569005
847	0.009008	75000	-0.041378	-172.610383
848	0.008860	75000	-0.041039	-172.651422
849	0.008714	75000	-0.040572	-172.691995
850	0.008570	75000	-0.040290	-172.732284
851	0.008427	75000	-0.039836	-172.772121
852	0.008285	75000	-0.039593	-172.811714
853	0.008145	75000	-0.039011	-172.850725
854	0.008006	75000	-0.038589	-172.889314
855	0.007869	75000	-0.038397	-172.927710
856	0.007733	75000	-0.038041	-172.965751
857	0.007598	75000	-0.037741	-173.003492
858	0.007465	75000	-0.037359	-173.040851
859	0.007334	75000	-0.036942	-173.077793
860	0.007203	75000	-0.036568	-173.114361
861	0.007075	75000	-0.036200	-173.150561
862	0.006947	75000	-0.035802	-173.186363
863	0.006821	75000	-0.035361	-173.221724
864	0.006696	75000	-0.035130	-173.256854
865	0.006573	75000	-0.034924	-173.291778
866	0.006451	75000	-0.034396	-173.326174
867	0.006330	75000	-0.034105	-173.360279
868	0.006211	75000	-0.033689	-173.393968
869	0.006093	75000	-0.033322	-173.427290
870	0.005977	75000	-0.032877	-173.460167
871	0.005862	75000	-0.032599	-173.492766
872	0.005748	75000	-0.032283	-173.525049
873	0.005635	75000	-0.031966	-173.557015
874	0.005524	75000	-0.031658	-173.588673
875	0.005414	75000	-0.031267	-173.619940
876	0.005306	75000	-0.030896	-173.650836
877	0.005199	75000	-0.030554	-173.681389
878	0.005093	75000	-0.030009	-173.711398
879	0.004988	75000	-0.029643	-173.741042
880	0.004885	75000	-0.029517	-173.770558
881	0.004783	75000	-0.029054	-173.799612
882	0.004682	75000	-0.028734	-173.828346
883	0.004583	75000	-0.028288	-173.856635
884	0.004485	75000	-0.027903	-173.884538
885	0.004388	75000	-0.027776	-173.912314
886	0.004292	75000	-0.027471	-173.939785
887	0.004198	75000	-0.026869	-173.966654
888	0.004105	75000	-0.026765	-173.993419
889	0.004013	75000	-0.026267	-174.019686
890	0.003923	75000	-0.025933	-174.045619
891	0.003833	75000	-0.025577	-174.071197
892	0.003745	75000	-0.025295	-174.096492
893	0.003658	75000	-0.024971	-174.121463
894	0.003573	75000	-0.024593	-174.146056
895	0.003488	75000	-0.024251	-174.170307
896	0.003405	75000	-0.023898	-174.194205
897	0.003323	75000	-0.023591	-174.217796
898	0.003242	75000	-0.023247	-174.241044
899	0.003162	75000	-0.022923	-174.263967
900	0.003084	75000	-0.022653	-174.286620
901	0.003007	75000	-0.022263	-174.308883
902	0.002930	75000	-0.022009	-174.330892
903	0.002855	75000	-0.021578	-174.352471
904	0.002782	75000	-0.021357	-174.373828
905	0.002709	75000	-0.020995	-174.394823
906	0.002638	75000	-0.020618	-174.415442
907	0.002567	75000	-0.020428	-174.435870
908	0.002498	75000	-0.019987	-174.455857
909	0.002430	75000	-0.019621	-174.475478
910	0.002363	75000	-0.019374	-174.494852
911	0.002297	75000	-0.019105	-174.513957
912	0.002233	75000	-0.018775	-174.532733
913	0.002169	75000	-0.018431	-174.551163
914	0.002106	75000	-0.018134	-174.569297
915	0.002045	75000	-0.017830	-174.587128
916	0.001985	75000	-0.017526	-174.604654
917	0.001925	75000	-0.017217	-174.621871
918	0.001867	75000	-0.016916	-174.638787
919	0.001810	75000	-0.016591	-174.655378
920	0.001754	75000	-0.016337	-174.671715
921	0.001699	75000	-0.016002	-174.687717
922	0.001645	75000	-0.015745	-174.703462
923	0.001592	75000	-0.015388	-174.718850
924	0.001540	75000	-0.015096	-174.733946
925	0.001490	75000	-0.014814	-174.748759
926	0.001440	75000	-0.014437	-174.763197
927	0.001391	75000	-0.014238	-174.777435
928	0.001343	75000	-0.013889	-174.791324
929	0.001296	75000	-0.013653	-174.804977
930	0.001251	75000	-0.013400	-174.818377
931	0.001206	75000	-0.013027	-174.831404
932	0.001162	75000	-0.012783	-174.844187
933	0.001119	75000	-0.012501	-174.856688
934	0.001077	75000	-0.012275	-174.868963
935	0.001036	75000	-0.011996	-174.880959
936	0.000996	75000	-0.011685	-174.892644
937	0.000957	75000	-0.011411	-174.904056
938	0.000919	75000	-0.011110	-174.915165
939	0.000882	75000	-0.010857	-174.926022
940	0.000846	75000	-0.010609	-174.936631
941	0.000810	75000	-0.010367	-174.946998
942	0.000776	75000	-0.010085	-174.957083
943	0.000742	75000	-0.009800	-174.966883
944	0.000709	75000	-0.009560	-174.976442
945	0.000678	75000	-0.009309	-174.985751
946	0.000647	75000	-0.008999	-174.994750
947	0.000617	75000	-0.008804	-175.003555
948	0.000587	75000	-0.008590	-175.012145
949	0.000559	75000	-0.008305	-175.020450
950	0.000531	75000	-0.008063	-175.028513
951	0.000505	75000	-0.007832	-175.036345
952	0.000479	75000	-0.007573	-175.043917
953	0.000454	75000	-0.007362	-175.051279
954	0.000430	75000	-0.007121	-175.058401
955	0.000406	75000	-0.006870	-175.065271
956	0.000383	75000	-0.006647	-175.071918
957	0.000362	75000	-0.006406	-175.078324
958	0.000340	75000	-0.006204	-175.084528
959	0.000320	75000	-0.005971	-175.090499
960	0.000300	75000	-0.005752	-175.096251
961	0.000281	75000	-0.005536	-175.101786
962	0.000263	75000	-0.005322	-175.107108
963	0.000246	75000	-0.005114	-175.112222
964	0.000229	75000	-0.004900	-175.117122
965	0.000213	75000	-0.004706	-175.121828
966	0.000198	75000	-0.004497	-175.126325
967	0.000183	75000	-0.004318	-175.130643
968	0.000169	75000	-0.004101	-175.134745
969	0.000156	75000	-0.003906	-175.138651
970	0.000143	75000	-0.003718	-175.142368
971	0.000131	75000	-0.003532	-175.145900
972	0.000120	75000	-0.003343	-175.149243
973	0.000109	75000	-0.003168	-175.152411
974	0.000099	75000	-0.002993	-175.155404
975	0.000089	75000	-0.002800	-175.158204
976	0.000080	75000	-0.002642	-175.160846
977	0.000072	75000	-0.002483	-175.163329
978	0.000064	75000	-0.002317	-175.165645
979	0.000057	75000	-0.002163	-175.167808
980	0.000050	75000	-0.002000	-175.169809
981	0.000043	75000	-0.001848	-175.171657
982	0.000038	75000	-0.001695	-175.173352
983	0.000032	75000	-0.001556	-175.174908
984	0.000028	75000	-0.001417	-175.176326
985	0.000023	75000	-0.001281	-175.177607
986	0.000019	75000	-0.001153	-175.178759
987	0.000016	75000	-0.001029	-175.179788
988	0.000013	75000	-0.000908	-175.180696
989	0.000010	75000	-0.000792	-175.181488
990	0.000008	75000	-0.000680	-175.182168
991	0.000006	75000	-0.000578	-175.182746
992	0.000004	75000	-0.000477	-175.183223
993	0.000003	75000	-0.000385	-175.183609
994	0.000002	75000	-0.000300	-175.183909
995	0.000001	75000	-0.000223	-175.184132
996	0.000000	75000	-0.000153	-175.184284
997	0.000000	75000	-0.000092	-175.184377
998	0.000000	75000	-0.000043	-175.184420
999	0.000000	75000	-0.000009	-175.184429
Log marginal likelihood:	-175.184429
