Steppingstone sampler:
        No Stones:                  1000
        Start It:                   10000001
        It Per Stone:               100000
        Sample Freq:                1
        Dist:                       Beta(0.400000,1.000000)
Stone No	Power	N	Stone MLh	Running MLh
0	0.997502	75000	-0.389554	-0.389554
1	0.995007	75000	-0.388925	-0.778479
2	0.992517	75000	-0.388221	-1.166699
3	0.990030	75000	-0.387644	-1.554344
4	0.987547	75000	-0.387128	-1.941471
5	0.985067	75000	-0.386512	-2.327983
6	0.982592	75000	-0.386049	-2.714032
7	0.980120	75000	-0.385639	-3.099671
8	0.977652	75000	-0.384914	-3.484585
9	0.975187	75000	-0.384296	-3.868881
10	0.972726	75000	-0.383782	-4.252663
11	0.970269	75000	-0.383132	-4.635795
12	0.967816	75000	-0.382536	-5.018331
13	0.965367	75000	-0.381850	-5.400181
14	0.962921	75000	-0.381467	-5.781648
15	0.960479	75000	-0.380596	-6.162244
16	0.958040	75000	-0.380221	-6.542465
17	0.955606	75000	-0.379860	-6.922324
18	0.953175	75000	-0.379072	-7.301396
19	0.950747	75000	-0.378773	-7.680168
20	0.948324	75000	-0.378380	-8.058549
21	0.945904	75000	-0.377575	-8.436124
22	0.943488	75000	-0.377005	-8.813128
23	0.941076	75000	-0.376440	-9.189569
24	0.938667	75000	-0.375707	-9.565276
25	0.936262	75000	-0.375568	-9.940844
26	0.933861	75000	-0.374730	-10.315574
27	0.931463	75000	-0.374331	-10.689905
28	0.929069	75000	-0.373757	-11.063663
29	0.926679	75000	-0.373248	-11.436911
30	0.924293	75000	-0.372307	-11.809218
31	0.921910	75000	-0.372611	-12.181829
32	0.919531	75000	-0.371816	-12.553645
33	0.917155	75000	-0.370973	-12.924619
34	0.914783	75000	-0.370533	-13.295152
35	0.912415	75000	-0.369594	-13.664746
36	0.910051	75000	-0.369086	-14.033832
37	0.907690	75000	-0.368413	-14.402245
38	0.905333	75000	-0.368241	-14.770486
39	0.902980	75000	-0.367705	-15.138191
40	0.900630	75000	-0.366649	-15.504840
41	0.898284	75000	-0.366209	-15.871049
42	0.895942	75000	-0.365730	-16.236779
43	0.893603	75000	-0.365392	-16.602171
44	0.891268	75000	-0.364674	-16.966845
45	0.888937	75000	-0.364163	-17.331008
46	0.886609	75000	-0.363594	-17.694602
47	0.884285	75000	-0.363256	-18.057858
48	0.881965	75000	-0.362897	-18.420755
49	0.879648	75000	-0.362100	-18.782854
50	0.877335	75000	-0.361418	-19.144273
51	0.875026	75000	-0.361156	-19.505429
52	0.872720	75000	-0.360504	-19.865933
53	0.870418	75000	-0.359861	-20.225794
54	0.868120	75000	-0.359435	-20.585228
55	0.865825	75000	-0.358981	-20.944209
56	0.863534	75000	-0.358137	-21.302346
57	0.861246	75000	-0.357817	-21.660163
58	0.858962	75000	-0.357083	-22.017247
59	0.856682	75000	-0.356770	-22.374017
60	0.854405	75000	-0.356042	-22.730059
61	0.852132	75000	-0.355543	-23.085602
62	0.849863	75000	-0.354896	-23.440498
63	0.847597	75000	-0.354418	-23.794915
64	0.845335	75000	-0.353885	-24.148800
65	0.843077	75000	-0.353421	-24.502221
66	0.840822	75000	-0.352920	-24.855141
67	0.838571	75000	-0.352323	-25.207464
68	0.836323	75000	-0.351462	-25.558925
69	0.834079	75000	-0.351069	-25.909995
70	0.831839	75000	-0.350574	-26.260569
71	0.829602	75000	-0.350118	-26.610687
72	0.827369	75000	-0.349739	-26.960426
73	0.825140	75000	-0.348808	-27.309234
74	0.822914	75000	-0.348241	-27.657475
75	0.820691	75000	-0.347805	-28.005280
76	0.818473	75000	-0.347148	-28.352429
77	0.816258	75000	-0.346735	-28.699163
78	0.814046	75000	-0.346272	-29.045435
79	0.811838	75000	-0.345610	-29.391045
80	0.809634	75000	-0.345203	-29.736247
81	0.807433	75000	-0.344965	-30.081212
82	0.805236	75000	-0.343771	-30.424983
83	0.803043	75000	-0.343364	-30.768348
84	0.800853	75000	-0.343009	-31.111356
85	0.798667	75000	-0.342589	-31.453945
86	0.796484	75000	-0.341878	-31.795823
87	0.794305	75000	-0.341139	-32.136962
88	0.792129	75000	-0.340866	-32.477827
89	0.789957	75000	-0.340312	-32.818139
90	0.787789	75000	-0.339575	-33.157714
91	0.785624	75000	-0.338986	-33.496700
92	0.783463	75000	-0.338456	-33.835156
93	0.781305	75000	-0.337967	-34.173123
94	0.779151	75000	-0.337614	-34.510738
95	0.777000	75000	-0.337115	-34.847853
96	0.774853	75000	-0.336427	-35.184280
97	0.772710	75000	-0.335990	-35.520270
98	0.770570	75000	-0.335513	-35.855783
99	0.768433	75000	-0.335038	-36.190820
100	0.766301	75000	-0.334076	-36.524897
101	0.764172	75000	-0.333613	-36.858510
102	0.762046	75000	-0.333202	-37.191712
103	0.759924	75000	-0.332885	-37.524597
104	0.757805	75000	-0.331997	-37.856593
105	0.755690	75000	-0.331684	-38.188277
106	0.753579	75000	-0.331189	-38.519467
107	0.751471	75000	-0.330333	-38.849799
108	0.749366	75000	-0.330030	-39.179829
109	0.747266	75000	-0.329788	-39.509617
110	0.745168	75000	-0.328695	-39.838312
111	0.743075	75000	-0.328372	-40.166684
112	0.740984	75000	-0.327683	-40.494366
113	0.738898	75000	-0.327373	-40.821740
114	0.736815	75000	-0.326659	-41.148399
115	0.734735	75000	-0.326287	-41.474686
116	0.732659	75000	-0.325519	-41.800205
117	0.730586	75000	-0.325279	-42.125485
118	0.728517	75000	-0.324648	-42.450133
119	0.726452	75000	-0.324352	-42.774485
120	0.724390	75000	-0.323801	-43.098287
121	0.722331	75000	-0.323126	-43.421413
122	0.720276	75000	-0.322388	-43.743800
123	0.718225	75000	-0.321745	-44.065546
124	0.716177	75000	-0.321348	-44.386893
125	0.714132	75000	-0.320974	-44.707867
126	0.712091	75000	-0.320361	-45.028228
127	0.710054	75000	-0.320063	-45.348291
128	0.708020	75000	-0.319166	-45.667457
129	0.705989	75000	-0.318787	-45.986244
130	0.703962	75000	-0.318144	-46.304388
131	0.701939	75000	-0.317744	-46.622131
132	0.699919	75000	-0.317302	-46.939434
133	0.697902	75000	-0.316762	-47.256195
134	0.695889	75000	-0.316254	-47.572449
135	0.693880	75000	-0.315714	-47.888163
136	0.691874	75000	-0.314910	-48.203074
137	0.689871	75000	-0.314624	-48.517698
138	0.687872	75000	-0.313870	-48.831568
139	0.685877	75000	-0.313553	-49.145120
140	0.683885	75000	-0.313117	-49.458237
141	0.681896	75000	-0.312375	-49.770611
142	0.679911	75000	-0.312054	-50.082665
143	0.677929	75000	-0.311495	-50.394161
144	0.675951	75000	-0.310867	-50.705028
145	0.673976	75000	-0.310515	-51.015543
146	0.672005	75000	-0.309841	-51.325384
147	0.670037	75000	-0.309448	-51.634832
148	0.668073	75000	-0.308618	-51.943450
149	0.666112	75000	-0.308417	-52.251867
150	0.664155	75000	-0.307696	-52.559563
151	0.662201	75000	-0.307550	-52.867113
152	0.660250	75000	-0.306772	-53.173885
153	0.658303	75000	-0.306130	-53.480016
154	0.656359	75000	-0.305761	-53.785776
155	0.654419	75000	-0.305257	-54.091033
156	0.652483	75000	-0.304567	-54.395600
157	0.650549	75000	-0.304174	-54.699774
158	0.648619	75000	-0.303726	-55.003500
159	0.646693	75000	-0.303120	-55.306620
160	0.644770	75000	-0.302593	-55.609213
161	0.642851	75000	-0.302143	-55.911356
162	0.640934	75000	-0.301557	-56.212913
163	0.639022	75000	-0.301057	-56.513970
164	0.637113	75000	-0.300676	-56.814646
165	0.635207	75000	-0.300003	-57.114649
166	0.633304	75000	-0.299670	-57.414319
167	0.631405	75000	-0.298860	-57.713179
168	0.629510	75000	-0.298390	-58.011568
169	0.627618	75000	-0.297825	-58.309393
170	0.625729	75000	-0.297461	-58.606854
171	0.623844	75000	-0.296815	-58.903669
172	0.621962	75000	-0.296282	-59.199951
173	0.620083	75000	-0.295905	-59.495856
174	0.618208	75000	-0.295318	-59.791174
175	0.616337	75000	-0.294687	-60.085861
176	0.614468	75000	-0.294175	-60.380036
177	0.612604	75000	-0.293643	-60.673679
178	0.610742	75000	-0.293327	-60.967006
179	0.608884	75000	-0.292538	-61.259544
180	0.607029	75000	-0.292038	-61.551582
181	0.605178	75000	-0.291718	-61.843300
182	0.603330	75000	-0.291142	-62.134441
183	0.601486	75000	-0.290493	-62.424935
184	0.599645	75000	-0.290111	-62.715046
185	0.597807	75000	-0.289570	-63.004616
186	0.595973	75000	-0.289043	-63.293658
187	0.594142	75000	-0.288500	-63.582158
188	0.592314	75000	-0.288172	-63.870330
189	0.590490	75000	-0.287477	-64.157807
190	0.588669	75000	-0.287084	-64.444891
191	0.586852	75000	-0.286480	-64.731371
192	0.585038	75000	-0.286095	-65.017466
193	0.583227	75000	-0.285518	-65.302984
194	0.581420	75000	-0.284893	-65.587877
195	0.579616	75000	-0.284441	-65.872318
196	0.577815	75000	-0.283958	-66.156276
197	0.576018	75000	-0.283490	-66.439766
198	0.574224	75000	-0.283078	-66.722844
199	0.572433	75000	-0.282440	-67.005284
200	0.570646	75000	-0.282031	-67.287315
201	0.568862	75000	-0.281443	-67.568758
202	0.567082	75000	-0.280840	-67.849598
203	0.565305	75000	-0.280438	-68.130036
204	0.563531	75000	-0.279845	-68.409881
205	0.561761	75000	-0.279373	-68.689254
206	0.559993	75000	-0.278949	-68.968204
207	0.558230	75000	-0.278271	-69.246474
208	0.556469	75000	-0.277878	-69.524353
209	0.554712	75000	-0.277446	-69.801798
210	0.552958	75000	-0.276761	-70.078560
211	0.551208	75000	-0.276351	-70.354911
212	0.549461	75000	-0.275736	-70.630647
213	0.547717	75000	-0.275386	-70.906033
214	0.545977	75000	-0.274832	-71.180865
215	0.544240	75000	-0.274194	-71.455060
216	0.542506	75000	-0.273807	-71.728867
217	0.540775	75000	-0.273300	-72.002167
218	0.539048	75000	-0.272918	-72.275085
219	0.537324	75000	-0.272253	-72.547338
220	0.535604	75000	-0.271760	-72.819098
221	0.533887	75000	-0.271272	-73.090371
222	0.532173	75000	-0.270727	-73.361097
223	0.530462	75000	-0.270244	-73.631341
224	0.528755	75000	-0.269787	-73.901129
225	0.527051	75000	-0.269347	-74.170476
226	0.525350	75000	-0.268822	-74.439298
227	0.523653	75000	-0.268157	-74.707455
228	0.521958	75000	-0.267698	-74.975153
229	0.520268	75000	-0.267503	-75.242656
230	0.518580	75000	-0.266872	-75.509528
231	0.516896	75000	-0.266319	-75.775847
232	0.515215	75000	-0.265941	-76.041789
233	0.513537	75000	-0.265215	-76.307004
234	0.511863	75000	-0.264795	-76.571798
235	0.510192	75000	-0.264311	-76.836109
236	0.508524	75000	-0.263634	-77.099743
237	0.506859	75000	-0.263245	-77.362989
238	0.505198	75000	-0.262914	-77.625903
239	0.503540	75000	-0.262040	-77.887943
240	0.501885	75000	-0.261755	-78.149698
241	0.500234	75000	-0.261391	-78.411088
242	0.498586	75000	-0.260859	-78.671947
243	0.496941	75000	-0.260290	-78.932237
244	0.495299	75000	-0.259817	-79.192054
245	0.493660	75000	-0.259460	-79.451514
246	0.492025	75000	-0.258815	-79.710329
247	0.490393	75000	-0.258301	-79.968630
248	0.488765	75000	-0.257836	-80.226465
249	0.487139	75000	-0.257304	-80.483769
250	0.485517	75000	-0.256899	-80.740668
251	0.483898	75000	-0.256317	-80.996985
252	0.482283	75000	-0.255760	-81.252745
253	0.480670	75000	-0.255429	-81.508174
254	0.479061	75000	-0.254928	-81.763101
255	0.477455	75000	-0.254246	-82.017348
256	0.475852	75000	-0.253888	-82.271235
257	0.474253	75000	-0.253549	-82.524784
258	0.472656	75000	-0.252908	-82.777692
259	0.471063	75000	-0.252484	-83.030176
260	0.469474	75000	-0.251905	-83.282081
261	0.467887	75000	-0.251316	-83.533397
262	0.466304	75000	-0.250915	-83.784312
263	0.464723	75000	-0.250511	-84.034823
264	0.463146	75000	-0.249967	-84.284790
265	0.461573	75000	-0.249502	-84.534292
266	0.460002	75000	-0.249033	-84.783325
267	0.458435	75000	-0.248585	-85.031910
268	0.456871	75000	-0.248170	-85.280080
269	0.455310	75000	-0.247534	-85.527613
270	0.453752	75000	-0.247061	-85.774674
271	0.452198	75000	-0.246472	-86.021146
272	0.450647	75000	-0.246101	-86.267246
273	0.449098	75000	-0.245625	-86.512871
274	0.447554	75000	-0.245174	-86.758046
275	0.446012	75000	-0.244491	-87.002537
276	0.444473	75000	-0.244162	-87.246699
277	0.442938	75000	-0.243639	-87.490338
278	0.441406	75000	-0.243206	-87.733544
279	0.439877	75000	-0.242657	-87.976201
280	0.438351	75000	-0.242183	-88.218384
281	0.436829	75000	-0.241684	-88.460068
282	0.435309	75000	-0.241334	-88.701402
283	0.433793	75000	-0.240708	-88.942111
284	0.432280	75000	-0.240324	-89.182435
285	0.430770	75000	-0.239773	-89.422208
286	0.429263	75000	-0.239232	-89.661440
287	0.427760	75000	-0.238781	-89.900221
288	0.426259	75000	-0.238358	-90.138579
289	0.424762	75000	-0.237955	-90.376535
290	0.423268	75000	-0.237428	-90.613963
291	0.421777	75000	-0.236865	-90.850827
292	0.420289	75000	-0.236378	-91.087205
293	0.418805	75000	-0.236017	-91.323222
294	0.417323	75000	-0.235506	-91.558728
295	0.415845	75000	-0.234905	-91.793633
296	0.414370	75000	-0.234600	-92.028232
297	0.412898	75000	-0.233874	-92.262107
298	0.411429	75000	-0.233559	-92.495665
299	0.409963	75000	-0.233028	-92.728693
300	0.408501	75000	-0.232638	-92.961331
301	0.407041	75000	-0.232235	-93.193566
302	0.405585	75000	-0.231721	-93.425288
303	0.404132	75000	-0.231267	-93.656555
304	0.402682	75000	-0.230627	-93.887181
305	0.401235	75000	-0.230152	-94.117334
306	0.399791	75000	-0.229596	-94.346930
307	0.398350	75000	-0.229181	-94.576111
308	0.396913	75000	-0.228737	-94.804848
309	0.395478	75000	-0.228221	-95.033068
310	0.394047	75000	-0.227926	-95.260994
311	0.392619	75000	-0.227400	-95.488394
312	0.391194	75000	-0.226749	-95.715143
313	0.389772	75000	-0.226351	-95.941493
314	0.388353	75000	-0.226073	-96.167566
315	0.386937	75000	-0.225600	-96.393167
316	0.385524	75000	-0.225069	-96.618235
317	0.384115	75000	-0.224677	-96.842912
318	0.382708	75000	-0.224174	-97.067086
319	0.381305	75000	-0.223502	-97.290588
320	0.379904	75000	-0.223054	-97.513642
321	0.378507	75000	-0.222698	-97.736340
322	0.377113	75000	-0.222155	-97.958495
323	0.375722	75000	-0.221764	-98.180259
324	0.374334	75000	-0.221257	-98.401516
325	0.372949	75000	-0.220933	-98.622449
326	0.371567	75000	-0.220450	-98.842899
327	0.370189	75000	-0.219886	-99.062785
328	0.368813	75000	-0.219337	-99.282122
329	0.367440	75000	-0.218763	-99.500886
330	0.366071	75000	-0.218492	-99.719377
331	0.364705	75000	-0.217944	-99.937321
332	0.363341	75000	-0.217484	-100.154805
333	0.361981	75000	-0.216960	-100.371766
334	0.360624	75000	-0.216582	-100.588348
335	0.359269	75000	-0.216289	-100.804636
336	0.357918	75000	-0.215484	-101.020120
337	0.356570	75000	-0.215263	-101.235383
338	0.355225	75000	-0.214673	-101.450056
339	0.353883	75000	-0.214193	-101.664249
340	0.352544	75000	-0.213946	-101.878195
341	0.351208	75000	-0.213385	-102.091580
342	0.349875	75000	-0.212888	-102.304468
343	0.348546	75000	-0.212362	-102.516831
344	0.347219	75000	-0.211977	-102.728807
345	0.345895	75000	-0.211447	-102.940255
346	0.344574	75000	-0.210956	-103.151211
347	0.343257	75000	-0.210590	-103.361801
348	0.341942	75000	-0.210126	-103.571927
349	0.340630	75000	-0.209901	-103.781828
350	0.339322	75000	-0.209139	-103.990967
351	0.338016	75000	-0.208716	-104.199684
352	0.336714	75000	-0.208140	-104.407824
353	0.335414	75000	-0.207779	-104.615603
354	0.334118	75000	-0.207323	-104.822926
355	0.332824	75000	-0.207023	-105.029949
356	0.331534	75000	-0.206380	-105.236329
357	0.330246	75000	-0.205891	-105.442220
358	0.328962	75000	-0.205455	-105.647675
359	0.327680	75000	-0.205034	-105.852709
360	0.326401	75000	-0.204549	-106.057258
361	0.325126	75000	-0.204203	-106.261461
362	0.323853	75000	-0.203805	-106.465267
363	0.322584	75000	-0.203245	-106.668512
364	0.321317	75000	-0.202891	-106.871403
365	0.320054	75000	-0.202223	-107.073625
366	0.318793	75000	-0.201908	-107.275533
367	0.317536	75000	-0.201427	-107.476960
368	0.316281	75000	-0.200945	-107.677906
369	0.315030	75000	-0.200516	-107.878422
370	0.313781	75000	-0.200092	-108.078514
371	0.312535	75000	-0.199606	-108.278120
372	0.311293	75000	-0.199163	-108.477283
373	0.310053	75000	-0.198664	-108.675947
374	0.308816	75000	-0.198267	-108.874214
375	0.307582	75000	-0.197874	-109.072088
376	0.306352	75000	-0.197432	-109.269520
377	0.305124	75000	-0.196998	-109.466518
378	0.303899	75000	-0.196523	-109.663041
379	0.302677	75000	-0.196041	-109.859082
380	0.301458	75000	-0.195561	-110.054643
381	0.300242	75000	-0.195170	-110.249813
382	0.299029	75000	-0.194664	-110.444477
383	0.297819	75000	-0.194213	-110.638690
384	0.296611	75000	-0.193694	-110.832384
385	0.295407	75000	-0.193320	-111.025703
386	0.294206	75000	-0.193014	-111.218718
387	0.293007	75000	-0.192362	-111.411079
388	0.291812	75000	-0.191932	-111.603011
389	0.290619	75000	-0.191438	-111.794450
390	0.289430	75000	-0.191036	-111.985486
391	0.288243	75000	-0.190606	-112.176092
392	0.287059	75000	-0.190286	-112.366378
393	0.285879	75000	-0.189862	-112.556240
394	0.284701	75000	-0.189366	-112.745606
395	0.283526	75000	-0.188989	-112.934595
396	0.282354	75000	-0.188466	-113.123062
397	0.281184	75000	-0.187959	-113.311021
398	0.280018	75000	-0.187574	-113.498594
399	0.278855	75000	-0.187049	-113.685643
400	0.277694	75000	-0.186710	-113.872353
401	0.276537	75000	-0.186164	-114.058517
402	0.275382	75000	-0.186010	-114.244528
403	0.274230	75000	-0.185298	-114.429826
404	0.273082	75000	-0.184772	-114.614598
405	0.271936	75000	-0.184498	-114.799096
406	0.270793	75000	-0.184069	-114.983165
407	0.269652	75000	-0.183661	-115.166826
408	0.268515	75000	-0.183134	-115.349960
409	0.267381	75000	-0.182888	-115.532848
410	0.266249	75000	-0.182346	-115.715193
411	0.265121	75000	-0.182048	-115.897241
412	0.263995	75000	-0.181490	-116.078731
413	0.262872	75000	-0.180978	-116.259709
414	0.261752	75000	-0.180535	-116.440244
415	0.260635	75000	-0.180131	-116.620374
416	0.259520	75000	-0.179716	-116.800091
417	0.258409	75000	-0.179319	-116.979410
418	0.257300	75000	-0.178922	-117.158332
419	0.256195	75000	-0.178468	-117.336800
420	0.255092	75000	-0.177944	-117.514744
421	0.253992	75000	-0.177520	-117.692264
422	0.252895	75000	-0.177244	-117.869508
423	0.251800	75000	-0.176567	-118.046075
424	0.250709	75000	-0.176225	-118.222300
425	0.249620	75000	-0.175903	-118.398202
426	0.248534	75000	-0.175225	-118.573428
427	0.247451	75000	-0.175020	-118.748447
428	0.246371	75000	-0.174529	-118.922976
429	0.245294	75000	-0.174165	-119.097141
430	0.244220	75000	-0.173752	-119.270893
431	0.243148	75000	-0.173277	-119.444170
432	0.242079	75000	-0.172771	-119.616941
433	0.241013	75000	-0.172456	-119.789397
434	0.239950	75000	-0.171924	-119.961321
435	0.238890	75000	-0.171400	-120.132721
436	0.237832	75000	-0.170958	-120.303678
437	0.236778	75000	-0.170789	-120.474467
438	0.235726	75000	-0.170291	-120.644758
439	0.234677	75000	-0.169808	-120.814565
440	0.233630	75000	-0.169506	-120.984071
441	0.232587	75000	-0.169108	-121.153179
442	0.231546	75000	-0.168689	-121.321868
443	0.230509	75000	-0.168155	-121.490023
444	0.229473	75000	-0.167840	-121.657862
445	0.228441	75000	-0.167253	-121.825115
446	0.227412	75000	-0.166839	-121.991954
447	0.226385	75000	-0.166302	-122.158256
448	0.225361	75000	-0.166023	-122.324280
449	0.224340	75000	-0.165592	-122.489871
450	0.223322	75000	-0.165284	-122.655155
451	0.222306	75000	-0.164824	-122.819979
452	0.221293	75000	-0.164489	-122.984468
453	0.220283	75000	-0.163790	-123.148258
454	0.219276	75000	-0.163607	-123.311865
455	0.218272	75000	-0.163126	-123.474991
456	0.217270	75000	-0.162860	-123.637851
457	0.216271	75000	-0.162360	-123.800211
458	0.215275	75000	-0.161962	-123.962173
459	0.214281	75000	-0.161572	-124.123746
460	0.213291	75000	-0.161073	-124.284818
461	0.212303	75000	-0.160536	-124.445355
462	0.211318	75000	-0.160326	-124.605681
463	0.210335	75000	-0.159749	-124.765430
464	0.209356	75000	-0.159275	-124.924705
465	0.208379	75000	-0.159046	-125.083751
466	0.207404	75000	-0.158575	-125.242326
467	0.206433	75000	-0.158245	-125.400571
468	0.205464	75000	-0.157755	-125.558326
469	0.204498	75000	-0.157428	-125.715754
470	0.203535	75000	-0.156953	-125.872707
471	0.202575	75000	-0.156411	-126.029118
472	0.201617	75000	-0.156267	-126.185385
473	0.200662	75000	-0.155638	-126.341023
474	0.199709	75000	-0.155345	-126.496368
475	0.198760	75000	-0.154891	-126.651259
476	0.197813	75000	-0.154621	-126.805880
477	0.196869	75000	-0.154158	-126.960038
478	0.195927	75000	-0.153722	-127.113760
479	0.194988	75000	-0.153191	-127.266950
480	0.194052	75000	-0.152889	-127.419840
481	0.193119	75000	-0.152567	-127.572407
482	0.192188	75000	-0.152005	-127.724412
483	0.191260	75000	-0.151767	-127.876179
484	0.190335	75000	-0.151468	-128.027647
485	0.189412	75000	-0.150949	-128.178596
486	0.188492	75000	-0.150576	-128.329172
487	0.187575	75000	-0.150086	-128.479258
488	0.186660	75000	-0.149691	-128.628949
489	0.185749	75000	-0.149433	-128.778382
490	0.184839	75000	-0.148837	-128.927219
491	0.183933	75000	-0.148426	-129.075645
492	0.183029	75000	-0.148133	-129.223778
493	0.182128	75000	-0.147827	-129.371605
494	0.181229	75000	-0.147262	-129.518867
495	0.180333	75000	-0.147018	-129.665886
496	0.179440	75000	-0.146435	-129.812321
497	0.178550	75000	-0.146135	-129.958456
498	0.177662	75000	-0.145680	-130.104136
499	0.176777	75000	-0.145310	-130.249446
500	0.175894	75000	-0.144987	-130.394433
501	0.175014	75000	-0.144569	-130.539002
502	0.174137	75000	-0.144340	-130.683342
503	0.173262	75000	-0.143641	-130.826983
504	0.172390	75000	-0.143332	-130.970314
505	0.171521	75000	-0.143110	-131.113424
506	0.170654	75000	-0.142730	-131.256154
507	0.169790	75000	-0.142222	-131.398376
508	0.168929	75000	-0.141952	-131.540328
509	0.168070	75000	-0.141535	-131.681863
510	0.167214	75000	-0.141014	-131.822877
511	0.166360	75000	-0.140750	-131.963627
512	0.165509	75000	-0.140391	-132.104019
513	0.164661	75000	-0.139869	-132.243888
514	0.163815	75000	-0.139253	-132.383141
515	0.162972	75000	-0.139147	-132.522288
516	0.162132	75000	-0.138984	-132.661272
517	0.161294	75000	-0.138477	-132.799749
518	0.160458	75000	-0.137928	-132.937677
519	0.159626	75000	-0.137664	-133.075340
520	0.158796	75000	-0.137169	-133.212509
521	0.157968	75000	-0.136878	-133.349387
522	0.157143	75000	-0.136582	-133.485969
523	0.156321	75000	-0.136168	-133.622136
524	0.155501	75000	-0.135834	-133.757970
525	0.154684	75000	-0.135260	-133.893230
526	0.153870	75000	-0.135094	-134.028324
527	0.153058	75000	-0.134736	-134.163060
528	0.152248	75000	-0.134219	-134.297279
529	0.151441	75000	-0.133802	-134.431081
530	0.150637	75000	-0.133368	-134.564449
531	0.149835	75000	-0.132889	-134.697339
532	0.149036	75000	-0.132642	-134.829981
533	0.148240	75000	-0.132486	-134.962467
534	0.147446	75000	-0.132131	-135.094598
535	0.146654	75000	-0.131712	-135.226311
536	0.145865	75000	-0.131241	-135.357552
537	0.145079	75000	-0.130957	-135.488509
538	0.144295	75000	-0.130503	-135.619012
539	0.143514	75000	-0.130213	-135.749225
540	0.142735	75000	-0.129599	-135.878824
541	0.141959	75000	-0.129155	-136.007979
542	0.141186	75000	-0.129025	-136.137004
543	0.140415	75000	-0.128633	-136.265636
544	0.139646	75000	-0.128195	-136.393831
545	0.138880	75000	-0.127786	-136.521617
546	0.138116	75000	-0.127358	-136.648975
547	0.137356	75000	-0.127208	-136.776183
548	0.136597	75000	-0.126779	-136.902962
549	0.135841	75000	-0.126572	-137.029534
550	0.135088	75000	-0.126124	-137.155658
551	0.134337	75000	-0.125896	-137.281554
552	0.133588	75000	-0.125520	-137.407074
553	0.132843	75000	-0.125172	-137.532246
554	0.132099	75000	-0.124430	-137.656676
555	0.131358	75000	-0.124500	-137.781176
556	0.130620	75000	-0.123964	-137.905141
557	0.129884	75000	-0.123477	-138.028618
558	0.129151	75000	-0.123192	-138.151809
559	0.128420	75000	-0.122702	-138.274512
560	0.127691	75000	-0.122634	-138.397146
561	0.126965	75000	-0.122340	-138.519485
562	0.126242	75000	-0.122245	-138.641730
563	0.125521	75000	-0.121241	-138.762971
564	0.124802	75000	-0.121208	-138.884179
565	0.124086	75000	-0.120764	-139.004944
566	0.123373	75000	-0.120374	-139.125318
567	0.122662	75000	-0.120045	-139.245363
568	0.121953	75000	-0.119687	-139.365049
569	0.121247	75000	-0.119245	-139.484294
570	0.120543	75000	-0.119234	-139.603529
571	0.119842	75000	-0.118463	-139.721992
572	0.119143	75000	-0.118336	-139.840328
573	0.118447	75000	-0.117959	-139.958287
574	0.117753	75000	-0.117802	-140.076089
575	0.117062	75000	-0.117434	-140.193523
576	0.116373	75000	-0.117173	-140.310696
577	0.115686	75000	-0.116539	-140.427235
578	0.115002	75000	-0.116229	-140.543464
579	0.114320	75000	-0.115893	-140.659357
580	0.113641	75000	-0.115889	-140.775246
581	0.112964	75000	-0.115258	-140.890504
582	0.112290	75000	-0.114886	-141.005390
583	0.111618	75000	-0.114189	-141.119580
584	0.110948	75000	-0.114113	-141.233693
585	0.110281	75000	-0.113758	-141.347451
586	0.109616	75000	-0.113679	-141.461130
587	0.108954	75000	-0.113392	-141.574521
588	0.108294	75000	-0.112978	-141.687500
589	0.107637	75000	-0.112496	-141.799996
590	0.106981	75000	-0.112234	-141.912229
591	0.106329	75000	-0.112253	-142.024482
592	0.105678	75000	-0.111513	-142.135995
593	0.105030	75000	-0.111487	-142.247482
594	0.104385	75000	-0.110802	-142.358284
595	0.103742	75000	-0.110647	-142.468930
596	0.103101	75000	-0.110399	-142.579329
597	0.102463	75000	-0.109797	-142.689126
598	0.101827	75000	-0.109889	-142.799015
599	0.101193	75000	-0.109053	-142.908068
600	0.100562	75000	-0.108786	-143.016854
601	0.099933	75000	-0.108679	-143.125533
602	0.099306	75000	-0.108271	-143.233804
603	0.098682	75000	-0.107926	-143.341731
604	0.098060	75000	-0.108242	-143.449972
605	0.097441	75000	-0.107145	-143.557118
606	0.096824	75000	-0.107083	-143.664201
607	0.096209	75000	-0.106711	-143.770911
608	0.095596	75000	-0.106599	-143.877511
609	0.094986	75000	-0.106319	-143.983829
610	0.094379	75000	-0.106112	-144.089941
611	0.093773	75000	-0.105840	-144.195781
612	0.093170	75000	-0.105376	-144.301157
613	0.092570	75000	-0.104937	-144.406094
614	0.091971	75000	-0.104748	-144.510842
615	0.091375	75000	-0.104303	-144.615144
616	0.090781	75000	-0.103870	-144.719014
617	0.090190	75000	-0.103929	-144.822944
618	0.089601	75000	-0.103557	-144.926501
619	0.089014	75000	-0.103130	-145.029631
620	0.088430	75000	-0.102916	-145.132547
621	0.087848	75000	-0.102744	-145.235291
622	0.087268	75000	-0.102159	-145.337450
623	0.086690	75000	-0.101906	-145.439355
624	0.086115	75000	-0.101558	-145.540914
625	0.085542	75000	-0.101312	-145.642226
626	0.084971	75000	-0.101413	-145.743639
627	0.084403	75000	-0.101012	-145.844651
628	0.083837	75000	-0.101014	-145.945665
629	0.083273	75000	-0.100468	-146.046132
630	0.082712	75000	-0.099987	-146.146119
631	0.082152	75000	-0.099954	-146.246074
632	0.081595	75000	-0.099706	-146.345780
633	0.081041	75000	-0.099420	-146.445200
634	0.080488	75000	-0.098598	-146.543797
635	0.079938	75000	-0.098480	-146.642277
636	0.079390	75000	-0.098375	-146.740653
637	0.078845	75000	-0.098020	-146.838672
638	0.078301	75000	-0.097850	-146.936522
639	0.077760	75000	-0.097583	-147.034106
640	0.077221	75000	-0.096847	-147.130953
641	0.076684	75000	-0.097221	-147.228174
642	0.076150	75000	-0.096798	-147.324972
643	0.075618	75000	-0.095936	-147.420908
644	0.075088	75000	-0.095781	-147.516689
645	0.074560	75000	-0.095816	-147.612506
646	0.074035	75000	-0.095800	-147.708306
647	0.073512	75000	-0.095410	-147.803716
648	0.072991	75000	-0.095037	-147.898752
649	0.072472	75000	-0.094575	-147.993327
650	0.071955	75000	-0.094496	-148.087823
651	0.071441	75000	-0.094228	-148.182051
652	0.070929	75000	-0.093908	-148.275959
653	0.070419	75000	-0.094103	-148.370062
654	0.069911	75000	-0.093551	-148.463613
655	0.069406	75000	-0.093114	-148.556727
656	0.068903	75000	-0.092761	-148.649489
657	0.068401	75000	-0.092654	-148.742143
658	0.067903	75000	-0.092460	-148.834603
659	0.067406	75000	-0.092272	-148.926875
660	0.066911	75000	-0.092246	-149.019121
661	0.066419	75000	-0.091547	-149.110668
662	0.065929	75000	-0.091203	-149.201871
663	0.065441	75000	-0.091198	-149.293069
664	0.064955	75000	-0.090925	-149.383994
665	0.064471	75000	-0.091259	-149.475254
666	0.063990	75000	-0.090399	-149.565652
667	0.063510	75000	-0.089793	-149.655445
668	0.063033	75000	-0.090089	-149.745534
669	0.062558	75000	-0.089616	-149.835150
670	0.062085	75000	-0.089167	-149.924317
671	0.061615	75000	-0.089435	-150.013752
672	0.061146	75000	-0.088783	-150.102536
673	0.060680	75000	-0.088701	-150.191237
674	0.060216	75000	-0.088382	-150.279619
675	0.059753	75000	-0.088330	-150.367948
676	0.059293	75000	-0.087755	-150.455704
677	0.058836	75000	-0.087697	-150.543401
678	0.058380	75000	-0.087383	-150.630784
679	0.057926	75000	-0.087539	-150.718322
680	0.057475	75000	-0.087125	-150.805447
681	0.057025	75000	-0.087006	-150.892453
682	0.056578	75000	-0.086836	-150.979289
683	0.056133	75000	-0.086210	-151.065499
684	0.055690	75000	-0.085761	-151.151260
685	0.055249	75000	-0.086009	-151.237269
686	0.054810	75000	-0.085562	-151.322831
687	0.054373	75000	-0.085315	-151.408146
688	0.053939	75000	-0.084695	-151.492841
689	0.053506	75000	-0.084984	-151.577825
690	0.053076	75000	-0.084640	-151.662465
691	0.052647	75000	-0.084173	-151.746638
692	0.052221	75000	-0.084189	-151.830827
693	0.051797	75000	-0.084363	-151.915190
694	0.051375	75000	-0.083759	-151.998949
695	0.050955	75000	-0.083629	-152.082578
696	0.050537	75000	-0.083776	-152.166354
697	0.050121	75000	-0.083152	-152.249506
698	0.049707	75000	-0.083120	-152.332626
699	0.049295	75000	-0.082622	-152.415247
700	0.048885	75000	-0.082407	-152.497654
701	0.048478	75000	-0.082230	-152.579884
702	0.048072	75000	-0.082099	-152.661983
703	0.047668	75000	-0.082151	-152.744134
704	0.047267	75000	-0.081843	-152.825977
705	0.046867	75000	-0.080880	-152.906857
706	0.046470	75000	-0.081464	-152.988321
707	0.046074	75000	-0.080469	-153.068790
708	0.045681	75000	-0.080152	-153.148942
709	0.045289	75000	-0.080405	-153.229347
710	0.044900	75000	-0.079780	-153.309127
711	0.044512	75000	-0.079987	-153.389114
712	0.044127	75000	-0.079999	-153.469113
713	0.043744	75000	-0.079380	-153.548493
714	0.043362	75000	-0.079193	-153.627687
715	0.042983	75000	-0.079053	-153.706740
716	0.042606	75000	-0.078824	-153.785564
717	0.042230	75000	-0.078515	-153.864079
718	0.041857	75000	-0.078024	-153.942103
719	0.041485	75000	-0.077970	-154.020073
720	0.041116	75000	-0.077867	-154.097941
721	0.040749	75000	-0.077646	-154.175587
722	0.040383	75000	-0.077644	-154.253231
723	0.040020	75000	-0.077350	-154.330582
724	0.039658	75000	-0.076899	-154.407480
725	0.039299	75000	-0.076690	-154.484170
726	0.038941	75000	-0.076302	-154.560472
727	0.038585	75000	-0.075977	-154.636449
728	0.038232	75000	-0.075540	-154.711989
729	0.037880	75000	-0.075666	-154.787655
730	0.037530	75000	-0.075482	-154.863137
731	0.037182	75000	-0.075523	-154.938660
732	0.036836	75000	-0.074987	-155.013647
733	0.036493	75000	-0.074939	-155.088586
734	0.036151	75000	-0.073995	-155.162581
735	0.035810	75000	-0.074530	-155.237111
736	0.035472	75000	-0.073583	-155.310694
737	0.035136	75000	-0.073499	-155.384193
738	0.034802	75000	-0.073038	-155.457231
739	0.034469	75000	-0.073523	-155.530754
740	0.034139	75000	-0.073052	-155.603806
741	0.033810	75000	-0.073177	-155.676983
742	0.033484	75000	-0.072045	-155.749029
743	0.033159	75000	-0.071656	-155.820685
744	0.032836	75000	-0.072016	-155.892701
745	0.032515	75000	-0.071449	-155.964150
746	0.032196	75000	-0.071126	-156.035276
747	0.031879	75000	-0.071100	-156.106376
748	0.031563	75000	-0.070366	-156.176741
749	0.031250	75000	-0.070447	-156.247189
750	0.030938	75000	-0.070377	-156.317565
751	0.030629	75000	-0.070085	-156.387650
752	0.030321	75000	-0.069486	-156.457136
753	0.030015	75000	-0.069866	-156.527002
754	0.029711	75000	-0.069545	-156.596546
755	0.029409	75000	-0.069048	-156.665594
756	0.029108	75000	-0.068779	-156.734373
757	0.028810	75000	-0.068762	-156.803135
758	0.028513	75000	-0.068487	-156.871623
759	0.028218	75000	-0.067885	-156.939508
760	0.027925	75000	-0.067712	-157.007220
761	0.027634	75000	-0.067354	-157.074574
762	0.027345	75000	-0.067069	-157.141643
763	0.027057	75000	-0.066825	-157.208469
764	0.026771	75000	-0.066670	-157.275138
765	0.026487	75000	-0.066396	-157.341534
766	0.026205	75000	-0.066247	-157.407782
767	0.025925	75000	-0.065473	-157.473254
768	0.025647	75000	-0.065213	-157.538467
769	0.025370	75000	-0.065325	-157.603792
770	0.025095	75000	-0.064739	-157.668531
771	0.024822	75000	-0.064886	-157.733417
772	0.024551	75000	-0.064180	-157.797597
773	0.024281	75000	-0.063586	-157.861183
774	0.024014	75000	-0.063921	-157.925104
775	0.023748	75000	-0.063270	-157.988374
776	0.023483	75000	-0.063116	-158.051490
777	0.023221	75000	-0.062762	-158.114252
778	0.022960	75000	-0.062745	-158.176997
779	0.022702	75000	-0.062123	-158.239121
780	0.022445	75000	-0.062197	-158.301317
781	0.022189	75000	-0.061917	-158.363234
782	0.021936	75000	-0.061418	-158.424653
783	0.021684	75000	-0.060984	-158.485636
784	0.021434	75000	-0.060758	-158.546394
785	0.021185	75000	-0.060202	-158.606595
786	0.020939	75000	-0.060098	-158.666694
787	0.020694	75000	-0.059892	-158.726586
788	0.020451	75000	-0.059246	-158.785832
789	0.020209	75000	-0.058950	-158.844782
790	0.019969	75000	-0.058929	-158.903710
791	0.019731	75000	-0.058619	-158.962330
792	0.019495	75000	-0.058452	-159.020781
793	0.019261	75000	-0.057909	-159.078690
794	0.019028	75000	-0.057865	-159.136554
795	0.018796	75000	-0.056778	-159.193333
796	0.018567	75000	-0.056661	-159.249994
797	0.018339	75000	-0.056756	-159.306749
798	0.018113	75000	-0.056187	-159.362936
799	0.017889	75000	-0.055641	-159.418578
800	0.017666	75000	-0.055688	-159.474265
801	0.017445	75000	-0.055078	-159.529343
802	0.017225	75000	-0.054808	-159.584151
803	0.017007	75000	-0.054491	-159.638642
804	0.016791	75000	-0.054218	-159.692861
805	0.016577	75000	-0.054219	-159.747079
806	0.016364	75000	-0.053667	-159.800746
807	0.016153	75000	-0.053158	-159.853904
808	0.015943	75000	-0.052846	-159.906750
809	0.015736	75000	-0.052594	-159.959343
810	0.015529	75000	-0.052121	-160.011465
811	0.015325	75000	-0.051793	-160.063258
812	0.015122	75000	-0.051714	-160.114973
813	0.014920	75000	-0.051409	-160.166381
814	0.014721	75000	-0.051033	-160.217415
815	0.014523	75000	-0.050670	-160.268085
816	0.014326	75000	-0.050041	-160.318126
817	0.014131	75000	-0.050004	-160.368130
818	0.013938	75000	-0.049778	-160.417908
819	0.013746	75000	-0.049305	-160.467214
820	0.013556	75000	-0.048975	-160.516189
821	0.013367	75000	-0.048702	-160.564891
822	0.013181	75000	-0.048197	-160.613088
823	0.012995	75000	-0.047654	-160.660742
824	0.012811	75000	-0.047330	-160.708072
825	0.012629	75000	-0.047079	-160.755151
826	0.012448	75000	-0.046697	-160.801848
827	0.012269	75000	-0.046325	-160.848173
828	0.012092	75000	-0.046301	-160.894474
829	0.011916	75000	-0.045864	-160.940339
830	0.011741	75000	-0.045313	-160.985651
831	0.011568	75000	-0.044947	-161.030598
832	0.011397	75000	-0.044928	-161.075526
833	0.011227	75000	-0.044395	-161.119921
834	0.011059	75000	-0.043825	-161.163746
835	0.010892	75000	-0.043757	-161.207502
836	0.010727	75000	-0.043463	-161.250966
837	0.010563	75000	-0.042906	-161.293872
838	0.010401	75000	-0.042511	-161.336384
839	0.010240	75000	-0.042348	-161.378731
840	0.010081	75000	-0.041882	-161.420613
841	0.009923	75000	-0.041602	-161.462216
842	0.009767	75000	-0.041256	-161.503472
843	0.009612	75000	-0.040950	-161.544422
844	0.009459	75000	-0.040301	-161.584723
845	0.009307	75000	-0.040136	-161.624859
846	0.009156	75000	-0.039706	-161.664565
847	0.009008	75000	-0.039324	-161.703888
848	0.008860	75000	-0.039091	-161.742979
849	0.008714	75000	-0.038889	-161.781869
850	0.008570	75000	-0.038313	-161.820181
851	0.008427	75000	-0.038189	-161.858370
852	0.008285	75000	-0.037756	-161.896126
853	0.008145	75000	-0.037484	-161.933611
854	0.008006	75000	-0.037016	-161.970627
855	0.007869	75000	-0.036574	-162.007201
856	0.007733	75000	-0.036333	-162.043534
857	0.007598	75000	-0.035867	-162.079400
858	0.007465	75000	-0.035515	-162.114916
859	0.007334	75000	-0.035387	-162.150303
860	0.007203	75000	-0.035001	-162.185304
861	0.007075	75000	-0.034641	-162.219944
862	0.006947	75000	-0.034202	-162.254146
863	0.006821	75000	-0.033985	-162.288131
864	0.006696	75000	-0.033398	-162.321529
865	0.006573	75000	-0.033242	-162.354771
866	0.006451	75000	-0.032836	-162.387607
867	0.006330	75000	-0.032477	-162.420085
868	0.006211	75000	-0.032218	-162.452303
869	0.006093	75000	-0.031839	-162.484142
870	0.005977	75000	-0.031514	-162.515657
871	0.005862	75000	-0.031203	-162.546859
872	0.005748	75000	-0.030736	-162.577595
873	0.005635	75000	-0.030419	-162.608014
874	0.005524	75000	-0.030198	-162.638213
875	0.005414	75000	-0.029830	-162.668042
876	0.005306	75000	-0.029452	-162.697494
877	0.005199	75000	-0.029123	-162.726617
878	0.005093	75000	-0.028842	-162.755459
879	0.004988	75000	-0.028612	-162.784072
880	0.004885	75000	-0.028086	-162.812158
881	0.004783	75000	-0.027767	-162.839925
882	0.004682	75000	-0.027390	-162.867315
883	0.004583	75000	-0.027211	-162.894526
884	0.004485	75000	-0.026717	-162.921243
885	0.004388	75000	-0.026494	-162.947737
886	0.004292	75000	-0.026248	-162.973985
887	0.004198	75000	-0.025934	-162.999919
888	0.004105	75000	-0.025390	-163.025309
889	0.004013	75000	-0.025172	-163.050481
890	0.003923	75000	-0.024714	-163.075195
891	0.003833	75000	-0.024468	-163.099662
892	0.003745	75000	-0.024180	-163.123842
893	0.003658	75000	-0.023867	-163.147710
894	0.003573	75000	-0.023546	-163.171255
895	0.003488	75000	-0.023176	-163.194432
896	0.003405	75000	-0.022803	-163.217235
897	0.003323	75000	-0.022499	-163.239734
898	0.003242	75000	-0.022296	-163.262030
899	0.003162	75000	-0.021951	-163.283981
900	0.003084	75000	-0.021586	-163.305567
901	0.003007	75000	-0.021298	-163.326865
902	0.002930	75000	-0.021005	-163.347870
903	0.002855	75000	-0.020662	-163.368532
904	0.002782	75000	-0.020371	-163.388903
905	0.002709	75000	-0.020080	-163.408983
906	0.002638	75000	-0.019748	-163.428731
907	0.002567	75000	-0.019437	-163.448169
908	0.002498	75000	-0.019119	-163.467288
909	0.002430	75000	-0.018863	-163.486151
910	0.002363	75000	-0.018507	-163.504658
911	0.002297	75000	-0.018272	-163.522930
912	0.002233	75000	-0.017819	-163.540750
913	0.002169	75000	-0.017593	-163.558343
914	0.002106	75000	-0.017306	-163.575648
915	0.002045	75000	-0.017022	-163.592670
916	0.001985	75000	-0.016683	-163.609353
917	0.001925	75000	-0.016494	-163.625847
918	0.001867	75000	-0.016138	-163.641985
919	0.001810	75000	-0.015868	-163.657852
920	0.001754	75000	-0.015585	-163.673438
921	0.001699	75000	-0.015304	-163.688742
922	0.001645	75000	-0.015019	-163.703761
923	0.001592	75000	-0.014705	-163.718466
924	0.001540	75000	-0.014418	-163.732884
925	0.001490	75000	-0.014110	-163.746993
926	0.001440	75000	-0.013829	-163.760822
927	0.001391	75000	-0.013566	-163.774388
928	0.001343	75000	-0.013337	-163.787725
929	0.001296	75000	-0.013008	-163.800733
930	0.001251	75000	-0.012705	-163.813438
931	0.001206	75000	-0.012499	-163.825937
932	0.001162	75000	-0.012241	-163.838178
933	0.001119	75000	-0.012018	-163.850197
934	0.001077	75000	-0.011668	-163.861864
935	0.001036	75000	-0.011414	-163.873279
936	0.000996	75000	-0.011168	-163.884447
937	0.000957	75000	-0.010898	-163.895345
938	0.000919	75000	-0.010601	-163.905946
939	0.000882	75000	-0.010384	-163.916330
940	0.000846	75000	-0.010106	-163.926436
941	0.000810	75000	-0.009903	-163.936340
942	0.000776	75000	-0.009587	-163.945927
943	0.000742	75000	-0.009357	-163.955284
944	0.000709	75000	-0.009129	-163.964412
945	0.000678	75000	-0.008919	-163.973331
946	0.000647	75000	-0.008659	-163.981990
947	0.000617	75000	-0.008408	-163.990398
948	0.000587	75000	-0.008157	-163.998555
949	0.000559	75000	-0.007921	-164.006476
950	0.000531	75000	-0.007685	-164.014161
951	0.000505	75000	-0.007487	-164.021648
952	0.000479	75000	-0.007230	-164.028878
953	0.000454	75000	-0.007010	-164.035888
954	0.000430	75000	-0.006795	-164.042683
955	0.000406	75000	-0.006571	-164.049254
956	0.000383	75000	-0.006345	-164.055599
957	0.000362	75000	-0.006125	-164.061724
958	0.000340	75000	-0.005886	-164.067610
959	0.000320	75000	-0.005686	-164.073295
960	0.000300	75000	-0.005484	-164.078780
961	0.000281	75000	-0.005274	-164.084054
962	0.000263	75000	-0.005086	-164.089140
963	0.000246	75000	-0.004883	-164.094023
964	0.000229	75000	-0.004692	-164.098715
965	0.000213	75000	-0.004499	-164.103213
966	0.000198	75000	-0.004303	-164.107517
967	0.000183	75000	-0.004090	-164.111607
968	0.000169	75000	-0.003918	-164.115526
969	0.000156	75000	-0.003733	-164.119258
970	0.000143	75000	-0.003563	-164.122821
971	0.000131	75000	-0.003366	-164.126187
972	0.000120	75000	-0.003202	-164.129389
973	0.000109	75000	-0.003024	-164.132413
974	0.000099	75000	-0.002852	-164.135265
975	0.000089	75000	-0.002694	-164.137958
976	0.000080	75000	-0.002521	-164.140480
977	0.000072	75000	-0.002360	-164.142840
978	0.000064	75000	-0.002209	-164.145049
979	0.000057	75000	-0.002061	-164.147110
980	0.000050	75000	-0.001909	-164.149019
981	0.000043	75000	-0.001762	-164.150781
982	0.000038	75000	-0.001623	-164.152404
983	0.000032	75000	-0.001486	-164.153890
984	0.000028	75000	-0.001356	-164.155245
985	0.000023	75000	-0.001228	-164.156474
986	0.000019	75000	-0.001100	-164.157574
987	0.000016	75000	-0.000982	-164.158555
988	0.000013	75000	-0.000864	-164.159420
989	0.000010	75000	-0.000756	-164.160176
990	0.000008	75000	-0.000650	-164.160825
991	0.000006	75000	-0.000550	-164.161375
992	0.000004	75000	-0.000456	-164.161832
993	0.000003	75000	-0.000367	-164.162199
994	0.000002	75000	-0.000287	-164.162486
995	0.000001	75000	-0.000213	-164.162698
996	0.000000	75000	-0.000146	-164.162844
997	0.000000	75000	-0.000088	-164.162932
998	0.000000	75000	-0.000041	-164.162973
999	0.000000	75000	-0.000009	-164.162982
Log marginal likelihood:	-164.162982
