Steppingstone sampler:
        No Stones:                  1000
        Start It:                   10000001
        It Per Stone:               100000
        Sample Freq:                1
        Dist:                       Beta(0.400000,1.000000)
Stone No	Power	N	Stone MLh	Running MLh
0	0.997502	75000	-0.120148	-0.120148
1	0.995007	75000	-0.119943	-0.240091
2	0.992517	75000	-0.119867	-0.359958
3	0.990030	75000	-0.119641	-0.479599
4	0.987547	75000	-0.119476	-0.599075
5	0.985067	75000	-0.119311	-0.718386
6	0.982592	75000	-0.119119	-0.837504
7	0.980120	75000	-0.119114	-0.956618
8	0.977652	75000	-0.118925	-1.075544
9	0.975187	75000	-0.118562	-1.194106
10	0.972726	75000	-0.118458	-1.312564
11	0.970269	75000	-0.118251	-1.430814
12	0.967816	75000	-0.118075	-1.548890
13	0.965367	75000	-0.117881	-1.666770
14	0.962921	75000	-0.117752	-1.784522
15	0.960479	75000	-0.117723	-1.902245
16	0.958040	75000	-0.117452	-2.019697
17	0.955606	75000	-0.117336	-2.137032
18	0.953175	75000	-0.117358	-2.254390
19	0.950747	75000	-0.116876	-2.371266
20	0.948324	75000	-0.116804	-2.488070
21	0.945904	75000	-0.116505	-2.604575
22	0.943488	75000	-0.116303	-2.720878
23	0.941076	75000	-0.116240	-2.837117
24	0.938667	75000	-0.116277	-2.953394
25	0.936262	75000	-0.116006	-3.069400
26	0.933861	75000	-0.115795	-3.185195
27	0.931463	75000	-0.115730	-3.300925
28	0.929069	75000	-0.115484	-3.416408
29	0.926679	75000	-0.115344	-3.531752
30	0.924293	75000	-0.115065	-3.646816
31	0.921910	75000	-0.115003	-3.761819
32	0.919531	75000	-0.114755	-3.876575
33	0.917155	75000	-0.114715	-3.991290
34	0.914783	75000	-0.114487	-4.105778
35	0.912415	75000	-0.114265	-4.220042
36	0.910051	75000	-0.114207	-4.334249
37	0.907690	75000	-0.114040	-4.448289
38	0.905333	75000	-0.113924	-4.562213
39	0.902980	75000	-0.113770	-4.675983
40	0.900630	75000	-0.113485	-4.789467
41	0.898284	75000	-0.113395	-4.902862
42	0.895942	75000	-0.113101	-5.015963
43	0.893603	75000	-0.113061	-5.129024
44	0.891268	75000	-0.112895	-5.241919
45	0.888937	75000	-0.112807	-5.354725
46	0.886609	75000	-0.112523	-5.467249
47	0.884285	75000	-0.112291	-5.579540
48	0.881965	75000	-0.112293	-5.691833
49	0.879648	75000	-0.111917	-5.803751
50	0.877335	75000	-0.111818	-5.915569
51	0.875026	75000	-0.111660	-6.027229
52	0.872720	75000	-0.111743	-6.138972
53	0.870418	75000	-0.111397	-6.250369
54	0.868120	75000	-0.111167	-6.361536
55	0.865825	75000	-0.111111	-6.472648
56	0.863534	75000	-0.110912	-6.583560
57	0.861246	75000	-0.110712	-6.694272
58	0.858962	75000	-0.110602	-6.804874
59	0.856682	75000	-0.110317	-6.915190
60	0.854405	75000	-0.110318	-7.025508
61	0.852132	75000	-0.110159	-7.135667
62	0.849863	75000	-0.109983	-7.245650
63	0.847597	75000	-0.109793	-7.355443
64	0.845335	75000	-0.109558	-7.465001
65	0.843077	75000	-0.109509	-7.574511
66	0.840822	75000	-0.109308	-7.683819
67	0.838571	75000	-0.109157	-7.792976
68	0.836323	75000	-0.108877	-7.901853
69	0.834079	75000	-0.108899	-8.010752
70	0.831839	75000	-0.108616	-8.119369
71	0.829602	75000	-0.108554	-8.227922
72	0.827369	75000	-0.108407	-8.336329
73	0.825140	75000	-0.108154	-8.444483
74	0.822914	75000	-0.108030	-8.552513
75	0.820691	75000	-0.107799	-8.660312
76	0.818473	75000	-0.107620	-8.767932
77	0.816258	75000	-0.107511	-8.875443
78	0.814046	75000	-0.107417	-8.982860
79	0.811838	75000	-0.107172	-9.090032
80	0.809634	75000	-0.107128	-9.197160
81	0.807433	75000	-0.106915	-9.304075
82	0.805236	75000	-0.106759	-9.410834
83	0.803043	75000	-0.106628	-9.517462
84	0.800853	75000	-0.106544	-9.624006
85	0.798667	75000	-0.106229	-9.730235
86	0.796484	75000	-0.106060	-9.836295
87	0.794305	75000	-0.106100	-9.942395
88	0.792129	75000	-0.105838	-10.048232
89	0.789957	75000	-0.105612	-10.153844
90	0.787789	75000	-0.105472	-10.259316
91	0.785624	75000	-0.105290	-10.364607
92	0.783463	75000	-0.105173	-10.469780
93	0.781305	75000	-0.105022	-10.574801
94	0.779151	75000	-0.104773	-10.679574
95	0.777000	75000	-0.104693	-10.784267
96	0.774853	75000	-0.104451	-10.888717
97	0.772710	75000	-0.104397	-10.993115
98	0.770570	75000	-0.104294	-11.097408
99	0.768433	75000	-0.104033	-11.201441
100	0.766301	75000	-0.103842	-11.305284
101	0.764172	75000	-0.103901	-11.409185
102	0.762046	75000	-0.103439	-11.512624
103	0.759924	75000	-0.103375	-11.616000
104	0.757805	75000	-0.103269	-11.719269
105	0.755690	75000	-0.103093	-11.822361
106	0.753579	75000	-0.102911	-11.925272
107	0.751471	75000	-0.102858	-12.028130
108	0.749366	75000	-0.102653	-12.130783
109	0.747266	75000	-0.102477	-12.233260
110	0.745168	75000	-0.102248	-12.335508
111	0.743075	75000	-0.102136	-12.437644
112	0.740984	75000	-0.102076	-12.539720
113	0.738898	75000	-0.101943	-12.641664
114	0.736815	75000	-0.101591	-12.743254
115	0.734735	75000	-0.101579	-12.844833
116	0.732659	75000	-0.101530	-12.946363
117	0.730586	75000	-0.101166	-13.047530
118	0.728517	75000	-0.101011	-13.148541
119	0.726452	75000	-0.100960	-13.249501
120	0.724390	75000	-0.100760	-13.350261
121	0.722331	75000	-0.100545	-13.450806
122	0.720276	75000	-0.100484	-13.551291
123	0.718225	75000	-0.100357	-13.651647
124	0.716177	75000	-0.100066	-13.751714
125	0.714132	75000	-0.100096	-13.851810
126	0.712091	75000	-0.099932	-13.951742
127	0.710054	75000	-0.099614	-14.051356
128	0.708020	75000	-0.099455	-14.150811
129	0.705989	75000	-0.099539	-14.250350
130	0.703962	75000	-0.099140	-14.349490
131	0.701939	75000	-0.099098	-14.448588
132	0.699919	75000	-0.098956	-14.547544
133	0.697902	75000	-0.098706	-14.646251
134	0.695889	75000	-0.098539	-14.744789
135	0.693880	75000	-0.098450	-14.843239
136	0.691874	75000	-0.098301	-14.941540
137	0.689871	75000	-0.098038	-15.039578
138	0.687872	75000	-0.097916	-15.137494
139	0.685877	75000	-0.097930	-15.235424
140	0.683885	75000	-0.097700	-15.333124
141	0.681896	75000	-0.097472	-15.430596
142	0.679911	75000	-0.097331	-15.527926
143	0.677929	75000	-0.097001	-15.624928
144	0.675951	75000	-0.097196	-15.722123
145	0.673976	75000	-0.096862	-15.818986
146	0.672005	75000	-0.096801	-15.915786
147	0.670037	75000	-0.096532	-16.012318
148	0.668073	75000	-0.096652	-16.108970
149	0.666112	75000	-0.096250	-16.205219
150	0.664155	75000	-0.096057	-16.301276
151	0.662201	75000	-0.096053	-16.397329
152	0.660250	75000	-0.095772	-16.493101
153	0.658303	75000	-0.095782	-16.588884
154	0.656359	75000	-0.095418	-16.684302
155	0.654419	75000	-0.095412	-16.779713
156	0.652483	75000	-0.095228	-16.874942
157	0.650549	75000	-0.095038	-16.969980
158	0.648619	75000	-0.094839	-17.064819
159	0.646693	75000	-0.094806	-17.159625
160	0.644770	75000	-0.094618	-17.254243
161	0.642851	75000	-0.094309	-17.348552
162	0.640934	75000	-0.094373	-17.442925
163	0.639022	75000	-0.094142	-17.537067
164	0.637113	75000	-0.094001	-17.631068
165	0.635207	75000	-0.093838	-17.724906
166	0.633304	75000	-0.093639	-17.818545
167	0.631405	75000	-0.093642	-17.912186
168	0.629510	75000	-0.093362	-18.005548
169	0.627618	75000	-0.093272	-18.098820
170	0.625729	75000	-0.093038	-18.191858
171	0.623844	75000	-0.092953	-18.284812
172	0.621962	75000	-0.092883	-18.377694
173	0.620083	75000	-0.092512	-18.470207
174	0.618208	75000	-0.092400	-18.562607
175	0.616337	75000	-0.092317	-18.654923
176	0.614468	75000	-0.092144	-18.747067
177	0.612604	75000	-0.092112	-18.839179
178	0.610742	75000	-0.091850	-18.931029
179	0.608884	75000	-0.091782	-19.022810
180	0.607029	75000	-0.091562	-19.114372
181	0.605178	75000	-0.091431	-19.205803
182	0.603330	75000	-0.091290	-19.297093
183	0.601486	75000	-0.091161	-19.388253
184	0.599645	75000	-0.090970	-19.479223
185	0.597807	75000	-0.090799	-19.570023
186	0.595973	75000	-0.090840	-19.660863
187	0.594142	75000	-0.090522	-19.751384
188	0.592314	75000	-0.090437	-19.841821
189	0.590490	75000	-0.090149	-19.931970
190	0.588669	75000	-0.090105	-20.022075
191	0.586852	75000	-0.089860	-20.111935
192	0.585038	75000	-0.089752	-20.201687
193	0.583227	75000	-0.089718	-20.291405
194	0.581420	75000	-0.089503	-20.380908
195	0.579616	75000	-0.089332	-20.470240
196	0.577815	75000	-0.089182	-20.559422
197	0.576018	75000	-0.089212	-20.648633
198	0.574224	75000	-0.088816	-20.737449
199	0.572433	75000	-0.088696	-20.826145
200	0.570646	75000	-0.088709	-20.914854
201	0.568862	75000	-0.088468	-21.003322
202	0.567082	75000	-0.088306	-21.091629
203	0.565305	75000	-0.088271	-21.179900
204	0.563531	75000	-0.087960	-21.267860
205	0.561761	75000	-0.087812	-21.355672
206	0.559993	75000	-0.087693	-21.443365
207	0.558230	75000	-0.087666	-21.531032
208	0.556469	75000	-0.087569	-21.618600
209	0.554712	75000	-0.087246	-21.705846
210	0.552958	75000	-0.087237	-21.793083
211	0.551208	75000	-0.086940	-21.880022
212	0.549461	75000	-0.086814	-21.966836
213	0.547717	75000	-0.086690	-22.053526
214	0.545977	75000	-0.086481	-22.140007
215	0.544240	75000	-0.086425	-22.226432
216	0.542506	75000	-0.086152	-22.312585
217	0.540775	75000	-0.086073	-22.398657
218	0.539048	75000	-0.085938	-22.484595
219	0.537324	75000	-0.085959	-22.570554
220	0.535604	75000	-0.085690	-22.656244
221	0.533887	75000	-0.085496	-22.741739
222	0.532173	75000	-0.085394	-22.827133
223	0.530462	75000	-0.085323	-22.912455
224	0.528755	75000	-0.085101	-22.997556
225	0.527051	75000	-0.085138	-23.082694
226	0.525350	75000	-0.084893	-23.167588
227	0.523653	75000	-0.084840	-23.252427
228	0.521958	75000	-0.084692	-23.337119
229	0.520268	75000	-0.084460	-23.421579
230	0.518580	75000	-0.084268	-23.505847
231	0.516896	75000	-0.084092	-23.589938
232	0.515215	75000	-0.083938	-23.673877
233	0.513537	75000	-0.083709	-23.757586
234	0.511863	75000	-0.083796	-23.841381
235	0.510192	75000	-0.083514	-23.924895
236	0.508524	75000	-0.083408	-24.008303
237	0.506859	75000	-0.083262	-24.091565
238	0.505198	75000	-0.083272	-24.174837
239	0.503540	75000	-0.082885	-24.257722
240	0.501885	75000	-0.082952	-24.340674
241	0.500234	75000	-0.082599	-24.423273
242	0.498586	75000	-0.082471	-24.505743
243	0.496941	75000	-0.082247	-24.587991
244	0.495299	75000	-0.082316	-24.670307
245	0.493660	75000	-0.082119	-24.752426
246	0.492025	75000	-0.082047	-24.834473
247	0.490393	75000	-0.081876	-24.916349
248	0.488765	75000	-0.081891	-24.998240
249	0.487139	75000	-0.081707	-25.079948
250	0.485517	75000	-0.081380	-25.161328
251	0.483898	75000	-0.081225	-25.242553
252	0.482283	75000	-0.081217	-25.323770
253	0.480670	75000	-0.080886	-25.404656
254	0.479061	75000	-0.080880	-25.485536
255	0.477455	75000	-0.080685	-25.566222
256	0.475852	75000	-0.080531	-25.646752
257	0.474253	75000	-0.080386	-25.727138
258	0.472656	75000	-0.080199	-25.807337
259	0.471063	75000	-0.080187	-25.887524
260	0.469474	75000	-0.080181	-25.967705
261	0.467887	75000	-0.079949	-26.047654
262	0.466304	75000	-0.079636	-26.127290
263	0.464723	75000	-0.079503	-26.206793
264	0.463146	75000	-0.079603	-26.286396
265	0.461573	75000	-0.079306	-26.365701
266	0.460002	75000	-0.079195	-26.444896
267	0.458435	75000	-0.079004	-26.523901
268	0.456871	75000	-0.079049	-26.602950
269	0.455310	75000	-0.078777	-26.681727
270	0.453752	75000	-0.078736	-26.760463
271	0.452198	75000	-0.078552	-26.839015
272	0.450647	75000	-0.078391	-26.917406
273	0.449098	75000	-0.078183	-26.995590
274	0.447554	75000	-0.077912	-27.073501
275	0.446012	75000	-0.078104	-27.151606
276	0.444473	75000	-0.077771	-27.229377
277	0.442938	75000	-0.077588	-27.306965
278	0.441406	75000	-0.077555	-27.384519
279	0.439877	75000	-0.077482	-27.462001
280	0.438351	75000	-0.077437	-27.539438
281	0.436829	75000	-0.077255	-27.616693
282	0.435309	75000	-0.077068	-27.693761
283	0.433793	75000	-0.076856	-27.770617
284	0.432280	75000	-0.076682	-27.847299
285	0.430770	75000	-0.076509	-27.923808
286	0.429263	75000	-0.076400	-28.000208
287	0.427760	75000	-0.076427	-28.076635
288	0.426259	75000	-0.076265	-28.152901
289	0.424762	75000	-0.076215	-28.229115
290	0.423268	75000	-0.075759	-28.304874
291	0.421777	75000	-0.075734	-28.380608
292	0.420289	75000	-0.075657	-28.456265
293	0.418805	75000	-0.075462	-28.531727
294	0.417323	75000	-0.075377	-28.607104
295	0.415845	75000	-0.075300	-28.682404
296	0.414370	75000	-0.075037	-28.757441
297	0.412898	75000	-0.075009	-28.832449
298	0.411429	75000	-0.074936	-28.907386
299	0.409963	75000	-0.074715	-28.982100
300	0.408501	75000	-0.074752	-29.056852
301	0.407041	75000	-0.074615	-29.131467
302	0.405585	75000	-0.074312	-29.205779
303	0.404132	75000	-0.074243	-29.280022
304	0.402682	75000	-0.074187	-29.354209
305	0.401235	75000	-0.073937	-29.428146
306	0.399791	75000	-0.073869	-29.502014
307	0.398350	75000	-0.073537	-29.575552
308	0.396913	75000	-0.073548	-29.649100
309	0.395478	75000	-0.073522	-29.722623
310	0.394047	75000	-0.073368	-29.795991
311	0.392619	75000	-0.073192	-29.869184
312	0.391194	75000	-0.072921	-29.942104
313	0.389772	75000	-0.072907	-30.015012
314	0.388353	75000	-0.072730	-30.087741
315	0.386937	75000	-0.072692	-30.160433
316	0.385524	75000	-0.072615	-30.233048
317	0.384115	75000	-0.072387	-30.305435
318	0.382708	75000	-0.072256	-30.377691
319	0.381305	75000	-0.072137	-30.449828
320	0.379904	75000	-0.072024	-30.521852
321	0.378507	75000	-0.071821	-30.593673
322	0.377113	75000	-0.071787	-30.665460
323	0.375722	75000	-0.071580	-30.737040
324	0.374334	75000	-0.071549	-30.808589
325	0.372949	75000	-0.071253	-30.879842
326	0.371567	75000	-0.071301	-30.951143
327	0.370189	75000	-0.071211	-31.022354
328	0.368813	75000	-0.070945	-31.093299
329	0.367440	75000	-0.070758	-31.164057
330	0.366071	75000	-0.070566	-31.234623
331	0.364705	75000	-0.070578	-31.305201
332	0.363341	75000	-0.070281	-31.375482
333	0.361981	75000	-0.070360	-31.445842
334	0.360624	75000	-0.070224	-31.516066
335	0.359269	75000	-0.070109	-31.586175
336	0.357918	75000	-0.069925	-31.656100
337	0.356570	75000	-0.069807	-31.725907
338	0.355225	75000	-0.069627	-31.795534
339	0.353883	75000	-0.069550	-31.865084
340	0.352544	75000	-0.069392	-31.934475
341	0.351208	75000	-0.069178	-32.003653
342	0.349875	75000	-0.069333	-32.072986
343	0.348546	75000	-0.069050	-32.142037
344	0.347219	75000	-0.069005	-32.211042
345	0.345895	75000	-0.068944	-32.279985
346	0.344574	75000	-0.068722	-32.348707
347	0.343257	75000	-0.068705	-32.417411
348	0.341942	75000	-0.068562	-32.485973
349	0.340630	75000	-0.068240	-32.554213
350	0.339322	75000	-0.068159	-32.622372
351	0.338016	75000	-0.068166	-32.690538
352	0.336714	75000	-0.068029	-32.758567
353	0.335414	75000	-0.067788	-32.826355
354	0.334118	75000	-0.067844	-32.894199
355	0.332824	75000	-0.067696	-32.961895
356	0.331534	75000	-0.067568	-33.029463
357	0.330246	75000	-0.067323	-33.096786
358	0.328962	75000	-0.067337	-33.164123
359	0.327680	75000	-0.067069	-33.231191
360	0.326401	75000	-0.067059	-33.298250
361	0.325126	75000	-0.066867	-33.365117
362	0.323853	75000	-0.066527	-33.431644
363	0.322584	75000	-0.066826	-33.498470
364	0.321317	75000	-0.066667	-33.565137
365	0.320054	75000	-0.066281	-33.631419
366	0.318793	75000	-0.066299	-33.697717
367	0.317536	75000	-0.066464	-33.764181
368	0.316281	75000	-0.066073	-33.830254
369	0.315030	75000	-0.065752	-33.896006
370	0.313781	75000	-0.065782	-33.961788
371	0.312535	75000	-0.065806	-34.027594
372	0.311293	75000	-0.065825	-34.093419
373	0.310053	75000	-0.065612	-34.159032
374	0.308816	75000	-0.065092	-34.224124
375	0.307582	75000	-0.065222	-34.289346
376	0.306352	75000	-0.065304	-34.354650
377	0.305124	75000	-0.065068	-34.419718
378	0.303899	75000	-0.065049	-34.484767
379	0.302677	75000	-0.064501	-34.549268
380	0.301458	75000	-0.064909	-34.614176
381	0.300242	75000	-0.064445	-34.678621
382	0.299029	75000	-0.064373	-34.742994
383	0.297819	75000	-0.064355	-34.807349
384	0.296611	75000	-0.064329	-34.871678
385	0.295407	75000	-0.064062	-34.935740
386	0.294206	75000	-0.064200	-34.999940
387	0.293007	75000	-0.063795	-35.063735
388	0.291812	75000	-0.063947	-35.127682
389	0.290619	75000	-0.063550	-35.191231
390	0.289430	75000	-0.063682	-35.254913
391	0.288243	75000	-0.063362	-35.318275
392	0.287059	75000	-0.063498	-35.381773
393	0.285879	75000	-0.063196	-35.444969
394	0.284701	75000	-0.063028	-35.507996
395	0.283526	75000	-0.063036	-35.571032
396	0.282354	75000	-0.063003	-35.634035
397	0.281184	75000	-0.063105	-35.697140
398	0.280018	75000	-0.062606	-35.759746
399	0.278855	75000	-0.062588	-35.822334
400	0.277694	75000	-0.062475	-35.884809
401	0.276537	75000	-0.062789	-35.947598
402	0.275382	75000	-0.062272	-36.009870
403	0.274230	75000	-0.062125	-36.071995
404	0.273082	75000	-0.062124	-36.134119
405	0.271936	75000	-0.061717	-36.195836
406	0.270793	75000	-0.061747	-36.257583
407	0.269652	75000	-0.061633	-36.319216
408	0.268515	75000	-0.062050	-36.381266
409	0.267381	75000	-0.061599	-36.442865
410	0.266249	75000	-0.061514	-36.504379
411	0.265121	75000	-0.061525	-36.565904
412	0.263995	75000	-0.061200	-36.627104
413	0.262872	75000	-0.061634	-36.688738
414	0.261752	75000	-0.060699	-36.749437
415	0.260635	75000	-0.061098	-36.810535
416	0.259520	75000	-0.060766	-36.871301
417	0.258409	75000	-0.060693	-36.931994
418	0.257300	75000	-0.060456	-36.992450
419	0.256195	75000	-0.060728	-37.053178
420	0.255092	75000	-0.060229	-37.113407
421	0.253992	75000	-0.060630	-37.174038
422	0.252895	75000	-0.060531	-37.234569
423	0.251800	75000	-0.060332	-37.294901
424	0.250709	75000	-0.059966	-37.354867
425	0.249620	75000	-0.060065	-37.414933
426	0.248534	75000	-0.059916	-37.474849
427	0.247451	75000	-0.059550	-37.534399
428	0.246371	75000	-0.059738	-37.594137
429	0.245294	75000	-0.059357	-37.653494
430	0.244220	75000	-0.059304	-37.712798
431	0.243148	75000	-0.059553	-37.772351
432	0.242079	75000	-0.059225	-37.831576
433	0.241013	75000	-0.059568	-37.891144
434	0.239950	75000	-0.058949	-37.950092
435	0.238890	75000	-0.059068	-38.009160
436	0.237832	75000	-0.058913	-38.068073
437	0.236778	75000	-0.058773	-38.126846
438	0.235726	75000	-0.059100	-38.185946
439	0.234677	75000	-0.058521	-38.244467
440	0.233630	75000	-0.058881	-38.303348
441	0.232587	75000	-0.058344	-38.361691
442	0.231546	75000	-0.058451	-38.420142
443	0.230509	75000	-0.058545	-38.478687
444	0.229473	75000	-0.058470	-38.537157
445	0.228441	75000	-0.057816	-38.594973
446	0.227412	75000	-0.057826	-38.652799
447	0.226385	75000	-0.057846	-38.710645
448	0.225361	75000	-0.057958	-38.768603
449	0.224340	75000	-0.057799	-38.826402
450	0.223322	75000	-0.057531	-38.883934
451	0.222306	75000	-0.057317	-38.941250
452	0.221293	75000	-0.057641	-38.998891
453	0.220283	75000	-0.057511	-39.056401
454	0.219276	75000	-0.057180	-39.113582
455	0.218272	75000	-0.057142	-39.170723
456	0.217270	75000	-0.057358	-39.228081
457	0.216271	75000	-0.057122	-39.285203
458	0.215275	75000	-0.056985	-39.342188
459	0.214281	75000	-0.057189	-39.399377
460	0.213291	75000	-0.056603	-39.455980
461	0.212303	75000	-0.056772	-39.512752
462	0.211318	75000	-0.056480	-39.569231
463	0.210335	75000	-0.056410	-39.625641
464	0.209356	75000	-0.056854	-39.682495
465	0.208379	75000	-0.056385	-39.738881
466	0.207404	75000	-0.056785	-39.795665
467	0.206433	75000	-0.056407	-39.852072
468	0.205464	75000	-0.056103	-39.908175
469	0.204498	75000	-0.055828	-39.964003
470	0.203535	75000	-0.055649	-40.019651
471	0.202575	75000	-0.056106	-40.075758
472	0.201617	75000	-0.055513	-40.131270
473	0.200662	75000	-0.055751	-40.187021
474	0.199709	75000	-0.055493	-40.242514
475	0.198760	75000	-0.055744	-40.298259
476	0.197813	75000	-0.055592	-40.353851
477	0.196869	75000	-0.055589	-40.409440
478	0.195927	75000	-0.055340	-40.464780
479	0.194988	75000	-0.055504	-40.520284
480	0.194052	75000	-0.055556	-40.575840
481	0.193119	75000	-0.054728	-40.630567
482	0.192188	75000	-0.055289	-40.685856
483	0.191260	75000	-0.054876	-40.740733
484	0.190335	75000	-0.055377	-40.796109
485	0.189412	75000	-0.055042	-40.851151
486	0.188492	75000	-0.054925	-40.906076
487	0.187575	75000	-0.054753	-40.960829
488	0.186660	75000	-0.054698	-41.015527
489	0.185749	75000	-0.055011	-41.070538
490	0.184839	75000	-0.054866	-41.125403
491	0.183933	75000	-0.054368	-41.179772
492	0.183029	75000	-0.054424	-41.234196
493	0.182128	75000	-0.054579	-41.288775
494	0.181229	75000	-0.054315	-41.343090
495	0.180333	75000	-0.054357	-41.397447
496	0.179440	75000	-0.053994	-41.451441
497	0.178550	75000	-0.054255	-41.505695
498	0.177662	75000	-0.054003	-41.559698
499	0.176777	75000	-0.053623	-41.613322
500	0.175894	75000	-0.054085	-41.667406
501	0.175014	75000	-0.054080	-41.721487
502	0.174137	75000	-0.053720	-41.775207
503	0.173262	75000	-0.053884	-41.829090
504	0.172390	75000	-0.054030	-41.883120
505	0.171521	75000	-0.053420	-41.936541
506	0.170654	75000	-0.053367	-41.989907
507	0.169790	75000	-0.053555	-42.043462
508	0.168929	75000	-0.053167	-42.096629
509	0.168070	75000	-0.053164	-42.149793
510	0.167214	75000	-0.053461	-42.203255
511	0.166360	75000	-0.053094	-42.256348
512	0.165509	75000	-0.053074	-42.309422
513	0.164661	75000	-0.053461	-42.362883
514	0.163815	75000	-0.052735	-42.415617
515	0.162972	75000	-0.053119	-42.468737
516	0.162132	75000	-0.053306	-42.522043
517	0.161294	75000	-0.052788	-42.574831
518	0.160458	75000	-0.052878	-42.627708
519	0.159626	75000	-0.053007	-42.680715
520	0.158796	75000	-0.052947	-42.733662
521	0.157968	75000	-0.052547	-42.786209
522	0.157143	75000	-0.052691	-42.838900
523	0.156321	75000	-0.052895	-42.891795
524	0.155501	75000	-0.052616	-42.944411
525	0.154684	75000	-0.052335	-42.996746
526	0.153870	75000	-0.052209	-43.048955
527	0.153058	75000	-0.052117	-43.101072
528	0.152248	75000	-0.051972	-43.153044
529	0.151441	75000	-0.052206	-43.205251
530	0.150637	75000	-0.051701	-43.256952
531	0.149835	75000	-0.052194	-43.309146
532	0.149036	75000	-0.052130	-43.361276
533	0.148240	75000	-0.051855	-43.413132
534	0.147446	75000	-0.051881	-43.465013
535	0.146654	75000	-0.051699	-43.516711
536	0.145865	75000	-0.051861	-43.568572
537	0.145079	75000	-0.052002	-43.620574
538	0.144295	75000	-0.051985	-43.672560
539	0.143514	75000	-0.051423	-43.723983
540	0.142735	75000	-0.051430	-43.775412
541	0.141959	75000	-0.051565	-43.826977
542	0.141186	75000	-0.051276	-43.878253
543	0.140415	75000	-0.051658	-43.929911
544	0.139646	75000	-0.051256	-43.981167
545	0.138880	75000	-0.051603	-44.032770
546	0.138116	75000	-0.051419	-44.084189
547	0.137356	75000	-0.051613	-44.135802
548	0.136597	75000	-0.050886	-44.186687
549	0.135841	75000	-0.050900	-44.237587
550	0.135088	75000	-0.051104	-44.288691
551	0.134337	75000	-0.050886	-44.339577
552	0.133588	75000	-0.050618	-44.390195
553	0.132843	75000	-0.051102	-44.441297
554	0.132099	75000	-0.050875	-44.492173
555	0.131358	75000	-0.051027	-44.543200
556	0.130620	75000	-0.050871	-44.594071
557	0.129884	75000	-0.050821	-44.644892
558	0.129151	75000	-0.050807	-44.695700
559	0.128420	75000	-0.050515	-44.746215
560	0.127691	75000	-0.050493	-44.796708
561	0.126965	75000	-0.050293	-44.847001
562	0.126242	75000	-0.050470	-44.897471
563	0.125521	75000	-0.050829	-44.948301
564	0.124802	75000	-0.050630	-44.998930
565	0.124086	75000	-0.050519	-45.049449
566	0.123373	75000	-0.049972	-45.099421
567	0.122662	75000	-0.050029	-45.149450
568	0.121953	75000	-0.050016	-45.199466
569	0.121247	75000	-0.049915	-45.249380
570	0.120543	75000	-0.050110	-45.299490
571	0.119842	75000	-0.050080	-45.349570
572	0.119143	75000	-0.049823	-45.399393
573	0.118447	75000	-0.049665	-45.449058
574	0.117753	75000	-0.049919	-45.498977
575	0.117062	75000	-0.049421	-45.548398
576	0.116373	75000	-0.050002	-45.598399
577	0.115686	75000	-0.049304	-45.647703
578	0.115002	75000	-0.049321	-45.697025
579	0.114320	75000	-0.049708	-45.746732
580	0.113641	75000	-0.049657	-45.796389
581	0.112964	75000	-0.049223	-45.845612
582	0.112290	75000	-0.049137	-45.894749
583	0.111618	75000	-0.049712	-45.944462
584	0.110948	75000	-0.049375	-45.993837
585	0.110281	75000	-0.049475	-46.043312
586	0.109616	75000	-0.049358	-46.092670
587	0.108954	75000	-0.049458	-46.142128
588	0.108294	75000	-0.048761	-46.190889
589	0.107637	75000	-0.048798	-46.239687
590	0.106981	75000	-0.049069	-46.288757
591	0.106329	75000	-0.048753	-46.337510
592	0.105678	75000	-0.048712	-46.386222
593	0.105030	75000	-0.048964	-46.435185
594	0.104385	75000	-0.048351	-46.483537
595	0.103742	75000	-0.048725	-46.532262
596	0.103101	75000	-0.048614	-46.580876
597	0.102463	75000	-0.048400	-46.629276
598	0.101827	75000	-0.048405	-46.677682
599	0.101193	75000	-0.048210	-46.725892
600	0.100562	75000	-0.048417	-46.774309
601	0.099933	75000	-0.047985	-46.822294
602	0.099306	75000	-0.047897	-46.870191
603	0.098682	75000	-0.048407	-46.918598
604	0.098060	75000	-0.047836	-46.966434
605	0.097441	75000	-0.047579	-47.014013
606	0.096824	75000	-0.048081	-47.062094
607	0.096209	75000	-0.048032	-47.110127
608	0.095596	75000	-0.047514	-47.157641
609	0.094986	75000	-0.047684	-47.205325
610	0.094379	75000	-0.047523	-47.252848
611	0.093773	75000	-0.047466	-47.300314
612	0.093170	75000	-0.047273	-47.347587
613	0.092570	75000	-0.046842	-47.394430
614	0.091971	75000	-0.047164	-47.441593
615	0.091375	75000	-0.046835	-47.488428
616	0.090781	75000	-0.047125	-47.535553
617	0.090190	75000	-0.047129	-47.582682
618	0.089601	75000	-0.046879	-47.629561
619	0.089014	75000	-0.047023	-47.676584
620	0.088430	75000	-0.046808	-47.723392
621	0.087848	75000	-0.046186	-47.769578
622	0.087268	75000	-0.046693	-47.816271
623	0.086690	75000	-0.046327	-47.862598
624	0.086115	75000	-0.046556	-47.909153
625	0.085542	75000	-0.046405	-47.955559
626	0.084971	75000	-0.046034	-48.001593
627	0.084403	75000	-0.046445	-48.048038
628	0.083837	75000	-0.046406	-48.094444
629	0.083273	75000	-0.045694	-48.140137
630	0.082712	75000	-0.046027	-48.186164
631	0.082152	75000	-0.045931	-48.232095
632	0.081595	75000	-0.045334	-48.277429
633	0.081041	75000	-0.045637	-48.323067
634	0.080488	75000	-0.045626	-48.368692
635	0.079938	75000	-0.045394	-48.414086
636	0.079390	75000	-0.045221	-48.459307
637	0.078845	75000	-0.045205	-48.504512
638	0.078301	75000	-0.045428	-48.549940
639	0.077760	75000	-0.045029	-48.594969
640	0.077221	75000	-0.045025	-48.639994
641	0.076684	75000	-0.044625	-48.684619
642	0.076150	75000	-0.044825	-48.729444
643	0.075618	75000	-0.044502	-48.773946
644	0.075088	75000	-0.044592	-48.818538
645	0.074560	75000	-0.044224	-48.862762
646	0.074035	75000	-0.044200	-48.906963
647	0.073512	75000	-0.044329	-48.951291
648	0.072991	75000	-0.044123	-48.995414
649	0.072472	75000	-0.043839	-49.039254
650	0.071955	75000	-0.043542	-49.082796
651	0.071441	75000	-0.043641	-49.126436
652	0.070929	75000	-0.043624	-49.170061
653	0.070419	75000	-0.043405	-49.213466
654	0.069911	75000	-0.043528	-49.256993
655	0.069406	75000	-0.043454	-49.300448
656	0.068903	75000	-0.043536	-49.343984
657	0.068401	75000	-0.042991	-49.386975
658	0.067903	75000	-0.042827	-49.429802
659	0.067406	75000	-0.042923	-49.472725
660	0.066911	75000	-0.043111	-49.515835
661	0.066419	75000	-0.042825	-49.558660
662	0.065929	75000	-0.042623	-49.601283
663	0.065441	75000	-0.042198	-49.643481
664	0.064955	75000	-0.042381	-49.685861
665	0.064471	75000	-0.042323	-49.728185
666	0.063990	75000	-0.042400	-49.770585
667	0.063510	75000	-0.042202	-49.812786
668	0.063033	75000	-0.041896	-49.854682
669	0.062558	75000	-0.041660	-49.896342
670	0.062085	75000	-0.041506	-49.937848
671	0.061615	75000	-0.041743	-49.979591
672	0.061146	75000	-0.041468	-50.021059
673	0.060680	75000	-0.041223	-50.062282
674	0.060216	75000	-0.041080	-50.103362
675	0.059753	75000	-0.041300	-50.144663
676	0.059293	75000	-0.040978	-50.185640
677	0.058836	75000	-0.040985	-50.226625
678	0.058380	75000	-0.040718	-50.267343
679	0.057926	75000	-0.040589	-50.307931
680	0.057475	75000	-0.040376	-50.348308
681	0.057025	75000	-0.040449	-50.388757
682	0.056578	75000	-0.040080	-50.428837
683	0.056133	75000	-0.039968	-50.468805
684	0.055690	75000	-0.039963	-50.508768
685	0.055249	75000	-0.039802	-50.548569
686	0.054810	75000	-0.039680	-50.588249
687	0.054373	75000	-0.039792	-50.628041
688	0.053939	75000	-0.039666	-50.667707
689	0.053506	75000	-0.039475	-50.707182
690	0.053076	75000	-0.039146	-50.746328
691	0.052647	75000	-0.038789	-50.785118
692	0.052221	75000	-0.038809	-50.823927
693	0.051797	75000	-0.038576	-50.862503
694	0.051375	75000	-0.038525	-50.901028
695	0.050955	75000	-0.038320	-50.939348
696	0.050537	75000	-0.038174	-50.977522
697	0.050121	75000	-0.038491	-51.016013
698	0.049707	75000	-0.038102	-51.054114
699	0.049295	75000	-0.037648	-51.091762
700	0.048885	75000	-0.037701	-51.129463
701	0.048478	75000	-0.037546	-51.167009
702	0.048072	75000	-0.037541	-51.204550
703	0.047668	75000	-0.037447	-51.241997
704	0.047267	75000	-0.037252	-51.279250
705	0.046867	75000	-0.037021	-51.316271
706	0.046470	75000	-0.036866	-51.353137
707	0.046074	75000	-0.036894	-51.390031
708	0.045681	75000	-0.036780	-51.426812
709	0.045289	75000	-0.036468	-51.463280
710	0.044900	75000	-0.036347	-51.499627
711	0.044512	75000	-0.035886	-51.535513
712	0.044127	75000	-0.036042	-51.571555
713	0.043744	75000	-0.035777	-51.607331
714	0.043362	75000	-0.035852	-51.643183
715	0.042983	75000	-0.035594	-51.678777
716	0.042606	75000	-0.035670	-51.714447
717	0.042230	75000	-0.035304	-51.749751
718	0.041857	75000	-0.035129	-51.784880
719	0.041485	75000	-0.035145	-51.820026
720	0.041116	75000	-0.034982	-51.855008
721	0.040749	75000	-0.034633	-51.889641
722	0.040383	75000	-0.034573	-51.924213
723	0.040020	75000	-0.034408	-51.958621
724	0.039658	75000	-0.034424	-51.993045
725	0.039299	75000	-0.034104	-52.027149
726	0.038941	75000	-0.033901	-52.061050
727	0.038585	75000	-0.034051	-52.095101
728	0.038232	75000	-0.033543	-52.128645
729	0.037880	75000	-0.033491	-52.162135
730	0.037530	75000	-0.033378	-52.195513
731	0.037182	75000	-0.033492	-52.229005
732	0.036836	75000	-0.032975	-52.261980
733	0.036493	75000	-0.032899	-52.294879
734	0.036151	75000	-0.032691	-52.327569
735	0.035810	75000	-0.032643	-52.360212
736	0.035472	75000	-0.032372	-52.392584
737	0.035136	75000	-0.032043	-52.424627
738	0.034802	75000	-0.032202	-52.456830
739	0.034469	75000	-0.032161	-52.488991
740	0.034139	75000	-0.031929	-52.520919
741	0.033810	75000	-0.031824	-52.552743
742	0.033484	75000	-0.031658	-52.584402
743	0.033159	75000	-0.031416	-52.615817
744	0.032836	75000	-0.031168	-52.646986
745	0.032515	75000	-0.031128	-52.678113
746	0.032196	75000	-0.031172	-52.709285
747	0.031879	75000	-0.030865	-52.740150
748	0.031563	75000	-0.030541	-52.770691
749	0.031250	75000	-0.030581	-52.801273
750	0.030938	75000	-0.030207	-52.831479
751	0.030629	75000	-0.030204	-52.861684
752	0.030321	75000	-0.030014	-52.891698
753	0.030015	75000	-0.029844	-52.921542
754	0.029711	75000	-0.029640	-52.951182
755	0.029409	75000	-0.029515	-52.980697
756	0.029108	75000	-0.029400	-53.010097
757	0.028810	75000	-0.029151	-53.039247
758	0.028513	75000	-0.028998	-53.068245
759	0.028218	75000	-0.028904	-53.097149
760	0.027925	75000	-0.028665	-53.125813
761	0.027634	75000	-0.028687	-53.154500
762	0.027345	75000	-0.028491	-53.182991
763	0.027057	75000	-0.028232	-53.211224
764	0.026771	75000	-0.028316	-53.239540
765	0.026487	75000	-0.027941	-53.267481
766	0.026205	75000	-0.027847	-53.295327
767	0.025925	75000	-0.027466	-53.322793
768	0.025647	75000	-0.027556	-53.350349
769	0.025370	75000	-0.027413	-53.377762
770	0.025095	75000	-0.027233	-53.404995
771	0.024822	75000	-0.026960	-53.431954
772	0.024551	75000	-0.026891	-53.458846
773	0.024281	75000	-0.026870	-53.485716
774	0.024014	75000	-0.026554	-53.512270
775	0.023748	75000	-0.026351	-53.538621
776	0.023483	75000	-0.026110	-53.564731
777	0.023221	75000	-0.025985	-53.590716
778	0.022960	75000	-0.025952	-53.616668
779	0.022702	75000	-0.025765	-53.642433
780	0.022445	75000	-0.025727	-53.668160
781	0.022189	75000	-0.025449	-53.693609
782	0.021936	75000	-0.025370	-53.718979
783	0.021684	75000	-0.025174	-53.744153
784	0.021434	75000	-0.024964	-53.769117
785	0.021185	75000	-0.024838	-53.793955
786	0.020939	75000	-0.024634	-53.818589
787	0.020694	75000	-0.024506	-53.843095
788	0.020451	75000	-0.024440	-53.867535
789	0.020209	75000	-0.024211	-53.891746
790	0.019969	75000	-0.024076	-53.915822
791	0.019731	75000	-0.023960	-53.939782
792	0.019495	75000	-0.023840	-53.963622
793	0.019261	75000	-0.023403	-53.987025
794	0.019028	75000	-0.023365	-54.010390
795	0.018796	75000	-0.023154	-54.033543
796	0.018567	75000	-0.023054	-54.056598
797	0.018339	75000	-0.022966	-54.079563
798	0.018113	75000	-0.022860	-54.102423
799	0.017889	75000	-0.022686	-54.125109
800	0.017666	75000	-0.022386	-54.147495
801	0.017445	75000	-0.022269	-54.169764
802	0.017225	75000	-0.022132	-54.191896
803	0.017007	75000	-0.021937	-54.213834
804	0.016791	75000	-0.021935	-54.235769
805	0.016577	75000	-0.021746	-54.257514
806	0.016364	75000	-0.021477	-54.278991
807	0.016153	75000	-0.021439	-54.300430
808	0.015943	75000	-0.021277	-54.321707
809	0.015736	75000	-0.021098	-54.342805
810	0.015529	75000	-0.020857	-54.363663
811	0.015325	75000	-0.020767	-54.384430
812	0.015122	75000	-0.020627	-54.405057
813	0.014920	75000	-0.020442	-54.425499
814	0.014721	75000	-0.020248	-54.445747
815	0.014523	75000	-0.020196	-54.465943
816	0.014326	75000	-0.019880	-54.485823
817	0.014131	75000	-0.019856	-54.505679
818	0.013938	75000	-0.019668	-54.525347
819	0.013746	75000	-0.019530	-54.544877
820	0.013556	75000	-0.019346	-54.564223
821	0.013367	75000	-0.019163	-54.583386
822	0.013181	75000	-0.019105	-54.602490
823	0.012995	75000	-0.018793	-54.621284
824	0.012811	75000	-0.018774	-54.640058
825	0.012629	75000	-0.018603	-54.658661
826	0.012448	75000	-0.018375	-54.677036
827	0.012269	75000	-0.018271	-54.695308
828	0.012092	75000	-0.018228	-54.713535
829	0.011916	75000	-0.017972	-54.731507
830	0.011741	75000	-0.017859	-54.749365
831	0.011568	75000	-0.017665	-54.767030
832	0.011397	75000	-0.017578	-54.784609
833	0.011227	75000	-0.017419	-54.802028
834	0.011059	75000	-0.017217	-54.819245
835	0.010892	75000	-0.017098	-54.836343
836	0.010727	75000	-0.016971	-54.853314
837	0.010563	75000	-0.016760	-54.870074
838	0.010401	75000	-0.016605	-54.886679
839	0.010240	75000	-0.016452	-54.903131
840	0.010081	75000	-0.016332	-54.919463
841	0.009923	75000	-0.016182	-54.935645
842	0.009767	75000	-0.016099	-54.951744
843	0.009612	75000	-0.015871	-54.967615
844	0.009459	75000	-0.015718	-54.983333
845	0.009307	75000	-0.015613	-54.998946
846	0.009156	75000	-0.015445	-55.014392
847	0.009008	75000	-0.015289	-55.029681
848	0.008860	75000	-0.015202	-55.044883
849	0.008714	75000	-0.015076	-55.059959
850	0.008570	75000	-0.014929	-55.074888
851	0.008427	75000	-0.014734	-55.089622
852	0.008285	75000	-0.014667	-55.104289
853	0.008145	75000	-0.014440	-55.118730
854	0.008006	75000	-0.014360	-55.133090
855	0.007869	75000	-0.014134	-55.147224
856	0.007733	75000	-0.014037	-55.161262
857	0.007598	75000	-0.013881	-55.175142
858	0.007465	75000	-0.013705	-55.188848
859	0.007334	75000	-0.013595	-55.202443
860	0.007203	75000	-0.013454	-55.215897
861	0.007075	75000	-0.013352	-55.229249
862	0.006947	75000	-0.013189	-55.242439
863	0.006821	75000	-0.013043	-55.255482
864	0.006696	75000	-0.012871	-55.268352
865	0.006573	75000	-0.012730	-55.281082
866	0.006451	75000	-0.012622	-55.293704
867	0.006330	75000	-0.012470	-55.306174
868	0.006211	75000	-0.012356	-55.318530
869	0.006093	75000	-0.012193	-55.330722
870	0.005977	75000	-0.012074	-55.342796
871	0.005862	75000	-0.011987	-55.354783
872	0.005748	75000	-0.011823	-55.366607
873	0.005635	75000	-0.011693	-55.378299
874	0.005524	75000	-0.011537	-55.389836
875	0.005414	75000	-0.011390	-55.401226
876	0.005306	75000	-0.011242	-55.412468
877	0.005199	75000	-0.011108	-55.423576
878	0.005093	75000	-0.010988	-55.434564
879	0.004988	75000	-0.010866	-55.445430
880	0.004885	75000	-0.010729	-55.456160
881	0.004783	75000	-0.010597	-55.466756
882	0.004682	75000	-0.010485	-55.477241
883	0.004583	75000	-0.010306	-55.487547
884	0.004485	75000	-0.010200	-55.497747
885	0.004388	75000	-0.010075	-55.507822
886	0.004292	75000	-0.009933	-55.517755
887	0.004198	75000	-0.009774	-55.527529
888	0.004105	75000	-0.009662	-55.537191
889	0.004013	75000	-0.009533	-55.546724
890	0.003923	75000	-0.009429	-55.556154
891	0.003833	75000	-0.009311	-55.565465
892	0.003745	75000	-0.009166	-55.574631
893	0.003658	75000	-0.009036	-55.583667
894	0.003573	75000	-0.008888	-55.592555
895	0.003488	75000	-0.008804	-55.601359
896	0.003405	75000	-0.008642	-55.610001
897	0.003323	75000	-0.008501	-55.618502
898	0.003242	75000	-0.008425	-55.626927
899	0.003162	75000	-0.008301	-55.635228
900	0.003084	75000	-0.008193	-55.643421
901	0.003007	75000	-0.008063	-55.651484
902	0.002930	75000	-0.007944	-55.659428
903	0.002855	75000	-0.007809	-55.667237
904	0.002782	75000	-0.007684	-55.674921
905	0.002709	75000	-0.007578	-55.682499
906	0.002638	75000	-0.007446	-55.689945
907	0.002567	75000	-0.007338	-55.697284
908	0.002498	75000	-0.007232	-55.704515
909	0.002430	75000	-0.007102	-55.711617
910	0.002363	75000	-0.006976	-55.718593
911	0.002297	75000	-0.006886	-55.725479
912	0.002233	75000	-0.006744	-55.732223
913	0.002169	75000	-0.006638	-55.738862
914	0.002106	75000	-0.006537	-55.745399
915	0.002045	75000	-0.006410	-55.751809
916	0.001985	75000	-0.006326	-55.758134
917	0.001925	75000	-0.006198	-55.764332
918	0.001867	75000	-0.006086	-55.770418
919	0.001810	75000	-0.005957	-55.776375
920	0.001754	75000	-0.005868	-55.782243
921	0.001699	75000	-0.005747	-55.787991
922	0.001645	75000	-0.005649	-55.793639
923	0.001592	75000	-0.005508	-55.799147
924	0.001540	75000	-0.005426	-55.804573
925	0.001490	75000	-0.005324	-55.809897
926	0.001440	75000	-0.005191	-55.815088
927	0.001391	75000	-0.005104	-55.820192
928	0.001343	75000	-0.005006	-55.825197
929	0.001296	75000	-0.004881	-55.830079
930	0.001251	75000	-0.004806	-55.834884
931	0.001206	75000	-0.004690	-55.839574
932	0.001162	75000	-0.004585	-55.844160
933	0.001119	75000	-0.004483	-55.848643
934	0.001077	75000	-0.004371	-55.853014
935	0.001036	75000	-0.004284	-55.857299
936	0.000996	75000	-0.004190	-55.861488
937	0.000957	75000	-0.004089	-55.865577
938	0.000919	75000	-0.003987	-55.869565
939	0.000882	75000	-0.003905	-55.873470
940	0.000846	75000	-0.003806	-55.877276
941	0.000810	75000	-0.003705	-55.880981
942	0.000776	75000	-0.003621	-55.884602
943	0.000742	75000	-0.003513	-55.888115
944	0.000709	75000	-0.003435	-55.891549
945	0.000678	75000	-0.003333	-55.894883
946	0.000647	75000	-0.003236	-55.898119
947	0.000617	75000	-0.003146	-55.901265
948	0.000587	75000	-0.003061	-55.904326
949	0.000559	75000	-0.002977	-55.907303
950	0.000531	75000	-0.002887	-55.910189
951	0.000505	75000	-0.002803	-55.912992
952	0.000479	75000	-0.002712	-55.915705
953	0.000454	75000	-0.002631	-55.918336
954	0.000430	75000	-0.002540	-55.920876
955	0.000406	75000	-0.002466	-55.923341
956	0.000383	75000	-0.002374	-55.925716
957	0.000362	75000	-0.002294	-55.928010
958	0.000340	75000	-0.002212	-55.930222
959	0.000320	75000	-0.002133	-55.932355
960	0.000300	75000	-0.002054	-55.934409
961	0.000281	75000	-0.001984	-55.936392
962	0.000263	75000	-0.001901	-55.938293
963	0.000246	75000	-0.001827	-55.940121
964	0.000229	75000	-0.001755	-55.941876
965	0.000213	75000	-0.001679	-55.943555
966	0.000198	75000	-0.001607	-55.945162
967	0.000183	75000	-0.001538	-55.946699
968	0.000169	75000	-0.001469	-55.948168
969	0.000156	75000	-0.001397	-55.949565
970	0.000143	75000	-0.001329	-55.950894
971	0.000131	75000	-0.001264	-55.952158
972	0.000120	75000	-0.001198	-55.953356
973	0.000109	75000	-0.001130	-55.954485
974	0.000099	75000	-0.001067	-55.955552
975	0.000089	75000	-0.001008	-55.956560
976	0.000080	75000	-0.000944	-55.957504
977	0.000072	75000	-0.000884	-55.958387
978	0.000064	75000	-0.000822	-55.959210
979	0.000057	75000	-0.000772	-55.959981
980	0.000050	75000	-0.000714	-55.960695
981	0.000043	75000	-0.000660	-55.961355
982	0.000038	75000	-0.000606	-55.961961
983	0.000032	75000	-0.000556	-55.962517
984	0.000028	75000	-0.000506	-55.963023
985	0.000023	75000	-0.000459	-55.963483
986	0.000019	75000	-0.000411	-55.963894
987	0.000016	75000	-0.000366	-55.964260
988	0.000013	75000	-0.000323	-55.964583
989	0.000010	75000	-0.000282	-55.964865
990	0.000008	75000	-0.000244	-55.965109
991	0.000006	75000	-0.000206	-55.965314
992	0.000004	75000	-0.000170	-55.965485
993	0.000003	75000	-0.000137	-55.965622
994	0.000002	75000	-0.000107	-55.965729
995	0.000001	75000	-0.000079	-55.965809
996	0.000000	75000	-0.000054	-55.965863
997	0.000000	75000	-0.000033	-55.965896
998	0.000000	75000	-0.000015	-55.965911
999	0.000000	75000	-0.000003	-55.965915
Log marginal likelihood:	-55.965915
