Steppingstone sampler:
        No Stones:                  1000
        Start It:                   10000001
        It Per Stone:               100000
        Sample Freq:                1
        Dist:                       Beta(0.400000,1.000000)
Stone No	Power	N	Stone MLh	Running MLh
0	0.997502	75000	-0.289247	-0.289247
1	0.995007	75000	-0.288784	-0.578031
2	0.992517	75000	-0.288333	-0.866364
3	0.990030	75000	-0.287923	-1.154287
4	0.987547	75000	-0.287579	-1.441867
5	0.985067	75000	-0.287075	-1.728942
6	0.982592	75000	-0.286679	-2.015622
7	0.980120	75000	-0.286244	-2.301866
8	0.977652	75000	-0.285909	-2.587775
9	0.975187	75000	-0.285405	-2.873179
10	0.972726	75000	-0.284910	-3.158089
11	0.970269	75000	-0.284518	-3.442607
12	0.967816	75000	-0.284127	-3.726734
13	0.965367	75000	-0.283668	-4.010402
14	0.962921	75000	-0.283279	-4.293681
15	0.960479	75000	-0.282925	-4.576606
16	0.958040	75000	-0.282391	-4.858997
17	0.955606	75000	-0.281970	-5.140967
18	0.953175	75000	-0.281648	-5.422616
19	0.950747	75000	-0.281169	-5.703785
20	0.948324	75000	-0.280733	-5.984518
21	0.945904	75000	-0.280248	-6.264765
22	0.943488	75000	-0.279918	-6.544684
23	0.941076	75000	-0.279517	-6.824201
24	0.938667	75000	-0.278994	-7.103195
25	0.936262	75000	-0.278652	-7.381847
26	0.933861	75000	-0.278191	-7.660038
27	0.931463	75000	-0.277778	-7.937816
28	0.929069	75000	-0.277361	-8.215177
29	0.926679	75000	-0.276947	-8.492124
30	0.924293	75000	-0.276569	-8.768693
31	0.921910	75000	-0.276167	-9.044860
32	0.919531	75000	-0.275643	-9.320503
33	0.917155	75000	-0.275232	-9.595735
34	0.914783	75000	-0.274889	-9.870624
35	0.912415	75000	-0.274455	-10.145079
36	0.910051	75000	-0.273990	-10.419068
37	0.907690	75000	-0.273533	-10.692601
38	0.905333	75000	-0.273222	-10.965823
39	0.902980	75000	-0.272750	-11.238573
40	0.900630	75000	-0.272382	-11.510955
41	0.898284	75000	-0.271912	-11.782867
42	0.895942	75000	-0.271490	-12.054358
43	0.893603	75000	-0.271072	-12.325429
44	0.891268	75000	-0.270672	-12.596101
45	0.888937	75000	-0.270277	-12.866378
46	0.886609	75000	-0.269895	-13.136273
47	0.884285	75000	-0.269418	-13.405690
48	0.881965	75000	-0.268978	-13.674668
49	0.879648	75000	-0.268586	-13.943254
50	0.877335	75000	-0.268194	-14.211448
51	0.875026	75000	-0.267863	-14.479311
52	0.872720	75000	-0.267373	-14.746684
53	0.870418	75000	-0.266890	-15.013575
54	0.868120	75000	-0.266438	-15.280013
55	0.865825	75000	-0.266143	-15.546156
56	0.863534	75000	-0.265695	-15.811850
57	0.861246	75000	-0.265346	-16.077197
58	0.858962	75000	-0.264950	-16.342147
59	0.856682	75000	-0.264438	-16.606585
60	0.854405	75000	-0.263973	-16.870558
61	0.852132	75000	-0.263669	-17.134227
62	0.849863	75000	-0.263195	-17.397422
63	0.847597	75000	-0.262792	-17.660214
64	0.845335	75000	-0.262465	-17.922679
65	0.843077	75000	-0.261955	-18.184634
66	0.840822	75000	-0.261677	-18.446311
67	0.838571	75000	-0.261155	-18.707466
68	0.836323	75000	-0.260848	-18.968314
69	0.834079	75000	-0.260356	-19.228670
70	0.831839	75000	-0.259931	-19.488601
71	0.829602	75000	-0.259466	-19.748068
72	0.827369	75000	-0.259117	-20.007184
73	0.825140	75000	-0.258709	-20.265894
74	0.822914	75000	-0.258292	-20.524186
75	0.820691	75000	-0.257972	-20.782158
76	0.818473	75000	-0.257530	-21.039688
77	0.816258	75000	-0.257124	-21.296813
78	0.814046	75000	-0.256665	-21.553477
79	0.811838	75000	-0.256318	-21.809795
80	0.809634	75000	-0.255887	-22.065682
81	0.807433	75000	-0.255378	-22.321060
82	0.805236	75000	-0.255051	-22.576111
83	0.803043	75000	-0.254575	-22.830686
84	0.800853	75000	-0.254193	-23.084879
85	0.798667	75000	-0.253918	-23.338797
86	0.796484	75000	-0.253430	-23.592226
87	0.794305	75000	-0.253028	-23.845254
88	0.792129	75000	-0.252549	-24.097803
89	0.789957	75000	-0.252212	-24.350015
90	0.787789	75000	-0.251852	-24.601867
91	0.785624	75000	-0.251355	-24.853222
92	0.783463	75000	-0.250998	-25.104220
93	0.781305	75000	-0.250608	-25.354829
94	0.779151	75000	-0.250202	-25.605031
95	0.777000	75000	-0.249806	-25.854837
96	0.774853	75000	-0.249317	-26.104154
97	0.772710	75000	-0.249037	-26.353191
98	0.770570	75000	-0.248605	-26.601796
99	0.768433	75000	-0.248159	-26.849955
100	0.766301	75000	-0.247708	-27.097663
101	0.764172	75000	-0.247433	-27.345096
102	0.762046	75000	-0.246898	-27.591995
103	0.759924	75000	-0.246601	-27.838596
104	0.757805	75000	-0.246186	-28.084782
105	0.755690	75000	-0.245700	-28.330482
106	0.753579	75000	-0.245410	-28.575892
107	0.751471	75000	-0.244952	-28.820844
108	0.749366	75000	-0.244580	-29.065424
109	0.747266	75000	-0.244187	-29.309611
110	0.745168	75000	-0.243778	-29.553389
111	0.743075	75000	-0.243321	-29.796710
112	0.740984	75000	-0.242994	-30.039703
113	0.738898	75000	-0.242389	-30.282092
114	0.736815	75000	-0.242117	-30.524209
115	0.734735	75000	-0.241690	-30.765899
116	0.732659	75000	-0.241334	-31.007233
117	0.730586	75000	-0.241015	-31.248248
118	0.728517	75000	-0.240439	-31.488687
119	0.726452	75000	-0.240077	-31.728764
120	0.724390	75000	-0.239736	-31.968500
121	0.722331	75000	-0.239309	-32.207809
122	0.720276	75000	-0.238899	-32.446708
123	0.718225	75000	-0.238559	-32.685266
124	0.716177	75000	-0.238161	-32.923428
125	0.714132	75000	-0.237718	-33.161146
126	0.712091	75000	-0.237294	-33.398440
127	0.710054	75000	-0.236934	-33.635373
128	0.708020	75000	-0.236528	-33.871901
129	0.705989	75000	-0.236158	-34.108059
130	0.703962	75000	-0.235832	-34.343891
131	0.701939	75000	-0.235355	-34.579246
132	0.699919	75000	-0.234972	-34.814218
133	0.697902	75000	-0.234562	-35.048780
134	0.695889	75000	-0.234193	-35.282973
135	0.693880	75000	-0.233815	-35.516788
136	0.691874	75000	-0.233488	-35.750276
137	0.689871	75000	-0.232955	-35.983231
138	0.687872	75000	-0.232586	-36.215817
139	0.685877	75000	-0.232165	-36.447981
140	0.683885	75000	-0.231784	-36.679765
141	0.681896	75000	-0.231458	-36.911223
142	0.679911	75000	-0.231032	-37.142255
143	0.677929	75000	-0.230645	-37.372900
144	0.675951	75000	-0.230268	-37.603169
145	0.673976	75000	-0.229861	-37.833029
146	0.672005	75000	-0.229561	-38.062590
147	0.670037	75000	-0.229070	-38.291661
148	0.668073	75000	-0.228694	-38.520355
149	0.666112	75000	-0.228333	-38.748688
150	0.664155	75000	-0.227859	-38.976547
151	0.662201	75000	-0.227528	-39.204075
152	0.660250	75000	-0.227086	-39.431162
153	0.658303	75000	-0.226739	-39.657901
154	0.656359	75000	-0.226414	-39.884315
155	0.654419	75000	-0.225965	-40.110281
156	0.652483	75000	-0.225497	-40.335777
157	0.650549	75000	-0.225104	-40.560881
158	0.648619	75000	-0.224864	-40.785745
159	0.646693	75000	-0.224447	-41.010192
160	0.644770	75000	-0.223927	-41.234119
161	0.642851	75000	-0.223547	-41.457666
162	0.640934	75000	-0.223270	-41.680937
163	0.639022	75000	-0.222892	-41.903828
164	0.637113	75000	-0.222452	-42.126281
165	0.635207	75000	-0.222078	-42.348359
166	0.633304	75000	-0.221733	-42.570092
167	0.631405	75000	-0.221282	-42.791374
168	0.629510	75000	-0.220820	-43.012194
169	0.627618	75000	-0.220473	-43.232667
170	0.625729	75000	-0.220217	-43.452884
171	0.623844	75000	-0.219825	-43.672708
172	0.621962	75000	-0.219359	-43.892067
173	0.620083	75000	-0.219066	-44.111134
174	0.618208	75000	-0.218629	-44.329763
175	0.616337	75000	-0.218164	-44.547927
176	0.614468	75000	-0.217868	-44.765795
177	0.612604	75000	-0.217370	-44.983164
178	0.610742	75000	-0.217088	-45.200252
179	0.608884	75000	-0.216746	-45.416998
180	0.607029	75000	-0.216232	-45.633231
181	0.605178	75000	-0.215849	-45.849080
182	0.603330	75000	-0.215604	-46.064685
183	0.601486	75000	-0.215235	-46.279920
184	0.599645	75000	-0.214711	-46.494630
185	0.597807	75000	-0.214374	-46.709004
186	0.595973	75000	-0.213996	-46.923001
187	0.594142	75000	-0.213570	-47.136570
188	0.592314	75000	-0.213242	-47.349813
189	0.590490	75000	-0.212878	-47.562691
190	0.588669	75000	-0.212476	-47.775166
191	0.586852	75000	-0.212042	-47.987208
192	0.585038	75000	-0.211853	-48.199061
193	0.583227	75000	-0.211286	-48.410347
194	0.581420	75000	-0.210907	-48.621254
195	0.579616	75000	-0.210571	-48.831825
196	0.577815	75000	-0.210141	-49.041965
197	0.576018	75000	-0.209872	-49.251837
198	0.574224	75000	-0.209445	-49.461282
199	0.572433	75000	-0.209050	-49.670332
200	0.570646	75000	-0.208579	-49.878911
201	0.568862	75000	-0.208363	-50.087274
202	0.567082	75000	-0.207908	-50.295182
203	0.565305	75000	-0.207646	-50.502828
204	0.563531	75000	-0.207127	-50.709955
205	0.561761	75000	-0.206913	-50.916868
206	0.559993	75000	-0.206442	-51.123310
207	0.558230	75000	-0.205962	-51.329272
208	0.556469	75000	-0.205627	-51.534900
209	0.554712	75000	-0.205348	-51.740248
210	0.552958	75000	-0.204878	-51.945126
211	0.551208	75000	-0.204487	-52.149613
212	0.549461	75000	-0.204276	-52.353889
213	0.547717	75000	-0.203830	-52.557719
214	0.545977	75000	-0.203308	-52.761027
215	0.544240	75000	-0.203147	-52.964174
216	0.542506	75000	-0.202720	-53.166893
217	0.540775	75000	-0.202384	-53.369277
218	0.539048	75000	-0.201898	-53.571175
219	0.537324	75000	-0.201534	-53.772709
220	0.535604	75000	-0.201144	-53.973852
221	0.533887	75000	-0.200772	-54.174624
222	0.532173	75000	-0.200551	-54.375175
223	0.530462	75000	-0.200282	-54.575457
224	0.528755	75000	-0.199648	-54.775105
225	0.527051	75000	-0.199179	-54.974284
226	0.525350	75000	-0.199024	-55.173308
227	0.523653	75000	-0.198608	-55.371917
228	0.521958	75000	-0.198264	-55.570180
229	0.520268	75000	-0.197746	-55.767927
230	0.518580	75000	-0.197546	-55.965472
231	0.516896	75000	-0.197002	-56.162474
232	0.515215	75000	-0.196674	-56.359148
233	0.513537	75000	-0.196363	-56.555511
234	0.511863	75000	-0.195917	-56.751428
235	0.510192	75000	-0.195609	-56.947036
236	0.508524	75000	-0.195304	-57.142341
237	0.506859	75000	-0.194877	-57.337217
238	0.505198	75000	-0.194419	-57.531636
239	0.503540	75000	-0.194177	-57.725813
240	0.501885	75000	-0.193854	-57.919667
241	0.500234	75000	-0.193317	-58.112984
242	0.498586	75000	-0.193092	-58.306076
243	0.496941	75000	-0.192589	-58.498665
244	0.495299	75000	-0.192342	-58.691007
245	0.493660	75000	-0.191831	-58.882838
246	0.492025	75000	-0.191663	-59.074502
247	0.490393	75000	-0.191171	-59.265673
248	0.488765	75000	-0.190802	-59.456474
249	0.487139	75000	-0.190467	-59.646941
250	0.485517	75000	-0.190079	-59.837020
251	0.483898	75000	-0.189701	-60.026721
252	0.482283	75000	-0.189410	-60.216132
253	0.480670	75000	-0.188972	-60.405104
254	0.479061	75000	-0.188605	-60.593709
255	0.477455	75000	-0.188300	-60.782009
256	0.475852	75000	-0.187901	-60.969910
257	0.474253	75000	-0.187567	-61.157476
258	0.472656	75000	-0.187164	-61.344640
259	0.471063	75000	-0.186843	-61.531482
260	0.469474	75000	-0.186609	-61.718091
261	0.467887	75000	-0.186092	-61.904183
262	0.466304	75000	-0.185802	-62.089985
263	0.464723	75000	-0.185338	-62.275324
264	0.463146	75000	-0.184981	-62.460305
265	0.461573	75000	-0.184787	-62.645092
266	0.460002	75000	-0.184493	-62.829585
267	0.458435	75000	-0.184100	-63.013686
268	0.456871	75000	-0.183698	-63.197384
269	0.455310	75000	-0.183259	-63.380643
270	0.453752	75000	-0.182973	-63.563616
271	0.452198	75000	-0.182628	-63.746244
272	0.450647	75000	-0.182301	-63.928545
273	0.449098	75000	-0.181711	-64.110256
274	0.447554	75000	-0.181406	-64.291662
275	0.446012	75000	-0.181096	-64.472758
276	0.444473	75000	-0.180886	-64.653644
277	0.442938	75000	-0.180403	-64.834047
278	0.441406	75000	-0.180079	-65.014127
279	0.439877	75000	-0.179768	-65.193895
280	0.438351	75000	-0.179239	-65.373134
281	0.436829	75000	-0.179012	-65.552146
282	0.435309	75000	-0.178681	-65.730827
283	0.433793	75000	-0.178154	-65.908981
284	0.432280	75000	-0.177870	-66.086851
285	0.430770	75000	-0.177534	-66.264385
286	0.429263	75000	-0.177063	-66.441448
287	0.427760	75000	-0.176876	-66.618324
288	0.426259	75000	-0.176564	-66.794887
289	0.424762	75000	-0.176124	-66.971011
290	0.423268	75000	-0.175736	-67.146748
291	0.421777	75000	-0.175399	-67.322147
292	0.420289	75000	-0.175067	-67.497213
293	0.418805	75000	-0.174669	-67.671882
294	0.417323	75000	-0.174368	-67.846250
295	0.415845	75000	-0.173882	-68.020132
296	0.414370	75000	-0.173705	-68.193837
297	0.412898	75000	-0.173278	-68.367115
298	0.411429	75000	-0.172838	-68.539953
299	0.409963	75000	-0.172581	-68.712534
300	0.408501	75000	-0.172237	-68.884772
301	0.407041	75000	-0.171874	-69.056646
302	0.405585	75000	-0.171514	-69.228160
303	0.404132	75000	-0.171228	-69.399388
304	0.402682	75000	-0.170847	-69.570235
305	0.401235	75000	-0.170459	-69.740695
306	0.399791	75000	-0.170089	-69.910784
307	0.398350	75000	-0.169774	-70.080558
308	0.396913	75000	-0.169481	-70.250039
309	0.395478	75000	-0.169090	-70.419129
310	0.394047	75000	-0.168842	-70.587971
311	0.392619	75000	-0.168399	-70.756370
312	0.391194	75000	-0.168089	-70.924459
313	0.389772	75000	-0.167798	-71.092257
314	0.388353	75000	-0.167338	-71.259596
315	0.386937	75000	-0.166973	-71.426569
316	0.385524	75000	-0.166647	-71.593216
317	0.384115	75000	-0.166448	-71.759664
318	0.382708	75000	-0.166079	-71.925743
319	0.381305	75000	-0.165682	-72.091425
320	0.379904	75000	-0.165251	-72.256677
321	0.378507	75000	-0.164954	-72.421631
322	0.377113	75000	-0.164581	-72.586212
323	0.375722	75000	-0.164226	-72.750438
324	0.374334	75000	-0.163989	-72.914426
325	0.372949	75000	-0.163553	-73.077979
326	0.371567	75000	-0.163195	-73.241174
327	0.370189	75000	-0.162724	-73.403898
328	0.368813	75000	-0.162501	-73.566399
329	0.367440	75000	-0.162145	-73.728544
330	0.366071	75000	-0.161874	-73.890418
331	0.364705	75000	-0.161599	-74.052017
332	0.363341	75000	-0.161107	-74.213123
333	0.361981	75000	-0.160906	-74.374030
334	0.360624	75000	-0.160538	-74.534568
335	0.359269	75000	-0.160305	-74.694874
336	0.357918	75000	-0.159948	-74.854822
337	0.356570	75000	-0.159516	-75.014338
338	0.355225	75000	-0.159297	-75.173635
339	0.353883	75000	-0.158897	-75.332532
340	0.352544	75000	-0.158679	-75.491211
341	0.351208	75000	-0.158175	-75.649385
342	0.349875	75000	-0.157903	-75.807288
343	0.348546	75000	-0.157391	-75.964679
344	0.347219	75000	-0.157266	-76.121945
345	0.345895	75000	-0.156733	-76.278678
346	0.344574	75000	-0.156412	-76.435090
347	0.343257	75000	-0.156105	-76.591195
348	0.341942	75000	-0.155891	-76.747086
349	0.340630	75000	-0.155549	-76.902635
350	0.339322	75000	-0.155285	-77.057920
351	0.338016	75000	-0.154888	-77.212809
352	0.336714	75000	-0.154580	-77.367388
353	0.335414	75000	-0.154449	-77.521837
354	0.334118	75000	-0.153800	-77.675637
355	0.332824	75000	-0.153409	-77.829046
356	0.331534	75000	-0.153159	-77.982205
357	0.330246	75000	-0.153189	-78.135394
358	0.328962	75000	-0.152541	-78.287935
359	0.327680	75000	-0.152199	-78.440134
360	0.326401	75000	-0.151870	-78.592004
361	0.325126	75000	-0.151567	-78.743572
362	0.323853	75000	-0.151227	-78.894799
363	0.322584	75000	-0.150691	-79.045489
364	0.321317	75000	-0.150537	-79.196026
365	0.320054	75000	-0.150268	-79.346295
366	0.318793	75000	-0.149856	-79.496151
367	0.317536	75000	-0.149582	-79.645733
368	0.316281	75000	-0.149303	-79.795036
369	0.315030	75000	-0.148749	-79.943785
370	0.313781	75000	-0.148608	-80.092393
371	0.312535	75000	-0.148381	-80.240774
372	0.311293	75000	-0.147879	-80.388653
373	0.310053	75000	-0.147674	-80.536327
374	0.308816	75000	-0.147250	-80.683577
375	0.307582	75000	-0.146774	-80.830351
376	0.306352	75000	-0.146582	-80.976933
377	0.305124	75000	-0.146343	-81.123276
378	0.303899	75000	-0.145872	-81.269148
379	0.302677	75000	-0.145745	-81.414893
380	0.301458	75000	-0.145312	-81.560205
381	0.300242	75000	-0.144878	-81.705083
382	0.299029	75000	-0.144448	-81.849531
383	0.297819	75000	-0.144345	-81.993876
384	0.296611	75000	-0.143966	-82.137842
385	0.295407	75000	-0.143797	-82.281640
386	0.294206	75000	-0.143378	-82.425017
387	0.293007	75000	-0.143001	-82.568018
388	0.291812	75000	-0.142708	-82.710726
389	0.290619	75000	-0.142318	-82.853043
390	0.289430	75000	-0.142120	-82.995163
391	0.288243	75000	-0.141728	-83.136891
392	0.287059	75000	-0.141416	-83.278307
393	0.285879	75000	-0.141235	-83.419542
394	0.284701	75000	-0.140873	-83.560415
395	0.283526	75000	-0.140704	-83.701120
396	0.282354	75000	-0.140134	-83.841254
397	0.281184	75000	-0.139775	-83.981029
398	0.280018	75000	-0.139562	-84.120591
399	0.278855	75000	-0.139205	-84.259796
400	0.277694	75000	-0.138933	-84.398729
401	0.276537	75000	-0.138550	-84.537279
402	0.275382	75000	-0.138292	-84.675571
403	0.274230	75000	-0.137990	-84.813561
404	0.273082	75000	-0.137668	-84.951229
405	0.271936	75000	-0.137297	-85.088527
406	0.270793	75000	-0.137211	-85.225738
407	0.269652	75000	-0.136586	-85.362324
408	0.268515	75000	-0.136355	-85.498679
409	0.267381	75000	-0.136069	-85.634748
410	0.266249	75000	-0.135595	-85.770343
411	0.265121	75000	-0.135333	-85.905675
412	0.263995	75000	-0.135164	-86.040840
413	0.262872	75000	-0.134831	-86.175670
414	0.261752	75000	-0.134459	-86.310129
415	0.260635	75000	-0.134320	-86.444449
416	0.259520	75000	-0.133985	-86.578434
417	0.258409	75000	-0.133646	-86.712081
418	0.257300	75000	-0.133379	-86.845459
419	0.256195	75000	-0.133105	-86.978565
420	0.255092	75000	-0.132792	-87.111356
421	0.253992	75000	-0.132471	-87.243827
422	0.252895	75000	-0.132421	-87.376249
423	0.251800	75000	-0.131897	-87.508146
424	0.250709	75000	-0.131460	-87.639605
425	0.249620	75000	-0.131074	-87.770679
426	0.248534	75000	-0.130882	-87.901561
427	0.247451	75000	-0.130394	-88.031955
428	0.246371	75000	-0.130295	-88.162250
429	0.245294	75000	-0.129843	-88.292094
430	0.244220	75000	-0.129669	-88.421762
431	0.243148	75000	-0.129668	-88.551430
432	0.242079	75000	-0.129560	-88.680990
433	0.241013	75000	-0.128661	-88.809651
434	0.239950	75000	-0.128407	-88.938058
435	0.238890	75000	-0.128034	-89.066092
436	0.237832	75000	-0.127926	-89.194018
437	0.236778	75000	-0.127337	-89.321355
438	0.235726	75000	-0.127154	-89.448509
439	0.234677	75000	-0.127007	-89.575516
440	0.233630	75000	-0.126828	-89.702344
441	0.232587	75000	-0.126393	-89.828738
442	0.231546	75000	-0.126025	-89.954763
443	0.230509	75000	-0.125840	-90.080603
444	0.229473	75000	-0.125491	-90.206094
445	0.228441	75000	-0.125167	-90.331260
446	0.227412	75000	-0.124683	-90.455943
447	0.226385	75000	-0.124599	-90.580543
448	0.225361	75000	-0.124481	-90.705024
449	0.224340	75000	-0.124151	-90.829175
450	0.223322	75000	-0.123632	-90.952807
451	0.222306	75000	-0.123405	-91.076213
452	0.221293	75000	-0.123048	-91.199261
453	0.220283	75000	-0.122772	-91.322033
454	0.219276	75000	-0.122780	-91.444813
455	0.218272	75000	-0.122292	-91.567105
456	0.217270	75000	-0.122214	-91.689319
457	0.216271	75000	-0.121611	-91.810930
458	0.215275	75000	-0.121477	-91.932406
459	0.214281	75000	-0.121137	-92.053543
460	0.213291	75000	-0.120936	-92.174479
461	0.212303	75000	-0.120392	-92.294872
462	0.211318	75000	-0.120242	-92.415114
463	0.210335	75000	-0.119993	-92.535107
464	0.209356	75000	-0.119627	-92.654734
465	0.208379	75000	-0.118939	-92.773673
466	0.207404	75000	-0.119212	-92.892885
467	0.206433	75000	-0.118751	-93.011636
468	0.205464	75000	-0.118190	-93.129826
469	0.204498	75000	-0.118258	-93.248084
470	0.203535	75000	-0.118052	-93.366136
471	0.202575	75000	-0.117784	-93.483920
472	0.201617	75000	-0.117274	-93.601194
473	0.200662	75000	-0.117056	-93.718250
474	0.199709	75000	-0.116852	-93.835102
475	0.198760	75000	-0.116675	-93.951777
476	0.197813	75000	-0.116630	-94.068407
477	0.196869	75000	-0.115860	-94.184266
478	0.195927	75000	-0.115755	-94.300022
479	0.194988	75000	-0.115623	-94.415645
480	0.194052	75000	-0.115524	-94.531170
481	0.193119	75000	-0.114840	-94.646010
482	0.192188	75000	-0.114698	-94.760707
483	0.191260	75000	-0.114637	-94.875345
484	0.190335	75000	-0.114307	-94.989651
485	0.189412	75000	-0.113703	-95.103354
486	0.188492	75000	-0.113491	-95.216845
487	0.187575	75000	-0.113312	-95.330158
488	0.186660	75000	-0.112946	-95.443103
489	0.185749	75000	-0.112737	-95.555840
490	0.184839	75000	-0.112598	-95.668438
491	0.183933	75000	-0.112032	-95.780470
492	0.183029	75000	-0.112179	-95.892649
493	0.182128	75000	-0.111849	-96.004498
494	0.181229	75000	-0.111528	-96.116026
495	0.180333	75000	-0.111116	-96.227142
496	0.179440	75000	-0.111104	-96.338246
497	0.178550	75000	-0.110704	-96.448950
498	0.177662	75000	-0.110563	-96.559513
499	0.176777	75000	-0.110211	-96.669724
500	0.175894	75000	-0.110012	-96.779736
501	0.175014	75000	-0.110124	-96.889861
502	0.174137	75000	-0.109531	-96.999391
503	0.173262	75000	-0.109264	-97.108656
504	0.172390	75000	-0.109024	-97.217679
505	0.171521	75000	-0.108770	-97.326449
506	0.170654	75000	-0.108282	-97.434731
507	0.169790	75000	-0.107969	-97.542700
508	0.168929	75000	-0.107976	-97.650677
509	0.168070	75000	-0.107414	-97.758091
510	0.167214	75000	-0.107313	-97.865405
511	0.166360	75000	-0.107425	-97.972830
512	0.165509	75000	-0.107080	-98.079910
513	0.164661	75000	-0.107369	-98.187280
514	0.163815	75000	-0.106514	-98.293794
515	0.162972	75000	-0.106154	-98.399948
516	0.162132	75000	-0.106136	-98.506084
517	0.161294	75000	-0.105800	-98.611884
518	0.160458	75000	-0.105319	-98.717202
519	0.159626	75000	-0.105563	-98.822766
520	0.158796	75000	-0.105062	-98.927827
521	0.157968	75000	-0.104722	-99.032549
522	0.157143	75000	-0.104234	-99.136783
523	0.156321	75000	-0.104320	-99.241102
524	0.155501	75000	-0.104391	-99.345493
525	0.154684	75000	-0.104038	-99.449531
526	0.153870	75000	-0.103638	-99.553169
527	0.153058	75000	-0.103630	-99.656799
528	0.152248	75000	-0.102931	-99.759730
529	0.151441	75000	-0.103011	-99.862742
530	0.150637	75000	-0.102171	-99.964913
531	0.149835	75000	-0.102563	-100.067476
532	0.149036	75000	-0.102445	-100.169920
533	0.148240	75000	-0.102010	-100.271931
534	0.147446	75000	-0.101696	-100.373627
535	0.146654	75000	-0.101924	-100.475551
536	0.145865	75000	-0.101843	-100.577394
537	0.145079	75000	-0.101094	-100.678488
538	0.144295	75000	-0.101172	-100.779660
539	0.143514	75000	-0.100552	-100.880212
540	0.142735	75000	-0.100593	-100.980805
541	0.141959	75000	-0.100004	-101.080810
542	0.141186	75000	-0.100147	-101.180957
543	0.140415	75000	-0.099901	-101.280858
544	0.139646	75000	-0.099439	-101.380297
545	0.138880	75000	-0.098967	-101.479264
546	0.138116	75000	-0.099254	-101.578518
547	0.137356	75000	-0.098200	-101.676717
548	0.136597	75000	-0.098212	-101.774930
549	0.135841	75000	-0.098465	-101.873395
550	0.135088	75000	-0.098174	-101.971569
551	0.134337	75000	-0.097517	-102.069086
552	0.133588	75000	-0.097397	-102.166483
553	0.132843	75000	-0.097748	-102.264231
554	0.132099	75000	-0.097103	-102.361334
555	0.131358	75000	-0.097281	-102.458615
556	0.130620	75000	-0.096561	-102.555176
557	0.129884	75000	-0.096376	-102.651552
558	0.129151	75000	-0.097096	-102.748648
559	0.128420	75000	-0.096410	-102.845057
560	0.127691	75000	-0.095747	-102.940804
561	0.126965	75000	-0.095894	-103.036698
562	0.126242	75000	-0.096076	-103.132774
563	0.125521	75000	-0.095144	-103.227918
564	0.124802	75000	-0.095385	-103.323304
565	0.124086	75000	-0.095375	-103.418679
566	0.123373	75000	-0.095259	-103.513938
567	0.122662	75000	-0.095109	-103.609047
568	0.121953	75000	-0.094272	-103.703319
569	0.121247	75000	-0.094457	-103.797776
570	0.120543	75000	-0.094048	-103.891823
571	0.119842	75000	-0.094174	-103.985997
572	0.119143	75000	-0.094333	-104.080330
573	0.118447	75000	-0.093731	-104.174061
574	0.117753	75000	-0.093207	-104.267268
575	0.117062	75000	-0.093515	-104.360782
576	0.116373	75000	-0.093136	-104.453918
577	0.115686	75000	-0.093292	-104.547210
578	0.115002	75000	-0.092938	-104.640147
579	0.114320	75000	-0.092639	-104.732786
580	0.113641	75000	-0.092497	-104.825284
581	0.112964	75000	-0.092001	-104.917285
582	0.112290	75000	-0.091769	-105.009054
583	0.111618	75000	-0.091855	-105.100909
584	0.110948	75000	-0.091757	-105.192666
585	0.110281	75000	-0.091298	-105.283964
586	0.109616	75000	-0.091036	-105.375000
587	0.108954	75000	-0.090942	-105.465941
588	0.108294	75000	-0.090611	-105.556553
589	0.107637	75000	-0.090768	-105.647321
590	0.106981	75000	-0.090998	-105.738319
591	0.106329	75000	-0.090721	-105.829041
592	0.105678	75000	-0.090577	-105.919617
593	0.105030	75000	-0.090105	-106.009722
594	0.104385	75000	-0.089677	-106.099399
595	0.103742	75000	-0.089807	-106.189206
596	0.103101	75000	-0.089581	-106.278786
597	0.102463	75000	-0.089282	-106.368068
598	0.101827	75000	-0.088533	-106.456602
599	0.101193	75000	-0.088751	-106.545352
600	0.100562	75000	-0.088733	-106.634086
601	0.099933	75000	-0.088895	-106.722981
602	0.099306	75000	-0.088286	-106.811267
603	0.098682	75000	-0.088474	-106.899741
604	0.098060	75000	-0.088382	-106.988123
605	0.097441	75000	-0.088676	-107.076799
606	0.096824	75000	-0.087620	-107.164419
607	0.096209	75000	-0.088429	-107.252848
608	0.095596	75000	-0.087373	-107.340221
609	0.094986	75000	-0.087169	-107.427391
610	0.094379	75000	-0.087197	-107.514588
611	0.093773	75000	-0.087217	-107.601804
612	0.093170	75000	-0.086785	-107.688589
613	0.092570	75000	-0.087105	-107.775694
614	0.091971	75000	-0.086294	-107.861988
615	0.091375	75000	-0.086636	-107.948624
616	0.090781	75000	-0.085956	-108.034580
617	0.090190	75000	-0.085759	-108.120339
618	0.089601	75000	-0.085824	-108.206163
619	0.089014	75000	-0.086066	-108.292228
620	0.088430	75000	-0.085158	-108.377386
621	0.087848	75000	-0.085970	-108.463356
622	0.087268	75000	-0.084995	-108.548351
623	0.086690	75000	-0.084631	-108.632982
624	0.086115	75000	-0.084520	-108.717502
625	0.085542	75000	-0.084599	-108.802100
626	0.084971	75000	-0.083809	-108.885910
627	0.084403	75000	-0.084013	-108.969923
628	0.083837	75000	-0.083598	-109.053520
629	0.083273	75000	-0.083432	-109.136953
630	0.082712	75000	-0.083536	-109.220488
631	0.082152	75000	-0.083490	-109.303979
632	0.081595	75000	-0.083650	-109.387628
633	0.081041	75000	-0.082785	-109.470413
634	0.080488	75000	-0.082923	-109.553337
635	0.079938	75000	-0.082995	-109.636332
636	0.079390	75000	-0.082877	-109.719209
637	0.078845	75000	-0.081703	-109.800912
638	0.078301	75000	-0.081232	-109.882144
639	0.077760	75000	-0.082475	-109.964619
640	0.077221	75000	-0.081662	-110.046281
641	0.076684	75000	-0.081047	-110.127328
642	0.076150	75000	-0.081166	-110.208494
643	0.075618	75000	-0.081162	-110.289656
644	0.075088	75000	-0.080699	-110.370356
645	0.074560	75000	-0.080760	-110.451116
646	0.074035	75000	-0.080301	-110.531416
647	0.073512	75000	-0.080172	-110.611588
648	0.072991	75000	-0.079865	-110.691453
649	0.072472	75000	-0.079603	-110.771056
650	0.071955	75000	-0.079760	-110.850816
651	0.071441	75000	-0.079334	-110.930149
652	0.070929	75000	-0.078999	-111.009149
653	0.070419	75000	-0.078430	-111.087578
654	0.069911	75000	-0.078697	-111.166275
655	0.069406	75000	-0.078873	-111.245148
656	0.068903	75000	-0.078012	-111.323160
657	0.068401	75000	-0.078052	-111.401212
658	0.067903	75000	-0.077779	-111.478991
659	0.067406	75000	-0.078211	-111.557202
660	0.066911	75000	-0.076982	-111.634184
661	0.066419	75000	-0.077151	-111.711334
662	0.065929	75000	-0.076598	-111.787933
663	0.065441	75000	-0.076212	-111.864145
664	0.064955	75000	-0.076407	-111.940552
665	0.064471	75000	-0.076571	-112.017123
666	0.063990	75000	-0.076316	-112.093439
667	0.063510	75000	-0.075773	-112.169212
668	0.063033	75000	-0.075154	-112.244366
669	0.062558	75000	-0.075083	-112.319448
670	0.062085	75000	-0.075237	-112.394685
671	0.061615	75000	-0.074759	-112.469445
672	0.061146	75000	-0.074433	-112.543878
673	0.060680	75000	-0.074334	-112.618212
674	0.060216	75000	-0.074157	-112.692369
675	0.059753	75000	-0.073660	-112.766029
676	0.059293	75000	-0.073964	-112.839993
677	0.058836	75000	-0.073726	-112.913719
678	0.058380	75000	-0.073050	-112.986769
679	0.057926	75000	-0.072896	-113.059665
680	0.057475	75000	-0.072970	-113.132635
681	0.057025	75000	-0.072320	-113.204955
682	0.056578	75000	-0.072171	-113.277127
683	0.056133	75000	-0.072093	-113.349219
684	0.055690	75000	-0.071462	-113.420682
685	0.055249	75000	-0.071381	-113.492063
686	0.054810	75000	-0.071387	-113.563450
687	0.054373	75000	-0.070778	-113.634227
688	0.053939	75000	-0.070609	-113.704837
689	0.053506	75000	-0.070133	-113.774970
690	0.053076	75000	-0.069935	-113.844905
691	0.052647	75000	-0.069783	-113.914688
692	0.052221	75000	-0.069646	-113.984334
693	0.051797	75000	-0.069237	-114.053571
694	0.051375	75000	-0.068773	-114.122344
695	0.050955	75000	-0.068696	-114.191040
696	0.050537	75000	-0.068662	-114.259702
697	0.050121	75000	-0.068294	-114.327997
698	0.049707	75000	-0.067769	-114.395765
699	0.049295	75000	-0.067968	-114.463734
700	0.048885	75000	-0.067239	-114.530972
701	0.048478	75000	-0.067489	-114.598462
702	0.048072	75000	-0.067352	-114.665814
703	0.047668	75000	-0.066567	-114.732381
704	0.047267	75000	-0.066406	-114.798787
705	0.046867	75000	-0.066411	-114.865198
706	0.046470	75000	-0.065777	-114.930975
707	0.046074	75000	-0.065466	-114.996441
708	0.045681	75000	-0.065696	-115.062137
709	0.045289	75000	-0.065205	-115.127342
710	0.044900	75000	-0.065202	-115.192544
711	0.044512	75000	-0.064635	-115.257179
712	0.044127	75000	-0.064372	-115.321550
713	0.043744	75000	-0.064368	-115.385918
714	0.043362	75000	-0.063726	-115.449644
715	0.042983	75000	-0.063308	-115.512952
716	0.042606	75000	-0.063307	-115.576259
717	0.042230	75000	-0.062740	-115.638999
718	0.041857	75000	-0.062623	-115.701622
719	0.041485	75000	-0.062343	-115.763965
720	0.041116	75000	-0.062007	-115.825972
721	0.040749	75000	-0.061864	-115.887837
722	0.040383	75000	-0.061413	-115.949250
723	0.040020	75000	-0.061135	-116.010385
724	0.039658	75000	-0.060859	-116.071243
725	0.039299	75000	-0.060802	-116.132045
726	0.038941	75000	-0.060389	-116.192433
727	0.038585	75000	-0.059839	-116.252273
728	0.038232	75000	-0.059559	-116.311832
729	0.037880	75000	-0.059322	-116.371154
730	0.037530	75000	-0.059075	-116.430229
731	0.037182	75000	-0.058920	-116.489149
732	0.036836	75000	-0.058604	-116.547753
733	0.036493	75000	-0.058163	-116.605916
734	0.036151	75000	-0.058078	-116.663994
735	0.035810	75000	-0.057702	-116.721696
736	0.035472	75000	-0.057471	-116.779168
737	0.035136	75000	-0.057283	-116.836450
738	0.034802	75000	-0.056663	-116.893113
739	0.034469	75000	-0.056519	-116.949632
740	0.034139	75000	-0.056290	-117.005922
741	0.033810	75000	-0.056073	-117.061995
742	0.033484	75000	-0.055754	-117.117749
743	0.033159	75000	-0.055504	-117.173253
744	0.032836	75000	-0.055117	-117.228370
745	0.032515	75000	-0.054498	-117.282868
746	0.032196	75000	-0.054452	-117.337320
747	0.031879	75000	-0.054233	-117.391553
748	0.031563	75000	-0.054094	-117.445647
749	0.031250	75000	-0.053654	-117.499301
750	0.030938	75000	-0.053286	-117.552587
751	0.030629	75000	-0.052986	-117.605573
752	0.030321	75000	-0.052774	-117.658347
753	0.030015	75000	-0.052595	-117.710942
754	0.029711	75000	-0.052207	-117.763149
755	0.029409	75000	-0.051888	-117.815037
756	0.029108	75000	-0.051744	-117.866781
757	0.028810	75000	-0.051378	-117.918159
758	0.028513	75000	-0.051009	-117.969168
759	0.028218	75000	-0.050795	-118.019963
760	0.027925	75000	-0.050465	-118.070428
761	0.027634	75000	-0.050235	-118.120662
762	0.027345	75000	-0.050009	-118.170671
763	0.027057	75000	-0.049777	-118.220448
764	0.026771	75000	-0.049331	-118.269778
765	0.026487	75000	-0.049153	-118.318931
766	0.026205	75000	-0.048745	-118.367676
767	0.025925	75000	-0.048526	-118.416202
768	0.025647	75000	-0.048314	-118.464517
769	0.025370	75000	-0.047957	-118.512474
770	0.025095	75000	-0.047542	-118.560016
771	0.024822	75000	-0.047314	-118.607330
772	0.024551	75000	-0.047024	-118.654354
773	0.024281	75000	-0.046717	-118.701071
774	0.024014	75000	-0.046405	-118.747475
775	0.023748	75000	-0.046081	-118.793556
776	0.023483	75000	-0.045928	-118.839484
777	0.023221	75000	-0.045580	-118.885064
778	0.022960	75000	-0.045411	-118.930474
779	0.022702	75000	-0.045026	-118.975500
780	0.022445	75000	-0.044581	-119.020081
781	0.022189	75000	-0.044444	-119.064526
782	0.021936	75000	-0.044103	-119.108628
783	0.021684	75000	-0.043878	-119.152507
784	0.021434	75000	-0.043691	-119.196198
785	0.021185	75000	-0.043293	-119.239491
786	0.020939	75000	-0.042978	-119.282469
787	0.020694	75000	-0.042762	-119.325231
788	0.020451	75000	-0.042451	-119.367682
789	0.020209	75000	-0.042188	-119.409870
790	0.019969	75000	-0.041817	-119.451688
791	0.019731	75000	-0.041598	-119.493285
792	0.019495	75000	-0.041384	-119.534669
793	0.019261	75000	-0.041002	-119.575671
794	0.019028	75000	-0.040740	-119.616412
795	0.018796	75000	-0.040375	-119.656787
796	0.018567	75000	-0.040138	-119.696925
797	0.018339	75000	-0.039821	-119.736746
798	0.018113	75000	-0.039435	-119.776180
799	0.017889	75000	-0.039325	-119.815505
800	0.017666	75000	-0.039117	-119.854622
801	0.017445	75000	-0.038771	-119.893393
802	0.017225	75000	-0.038458	-119.931851
803	0.017007	75000	-0.038266	-119.970117
804	0.016791	75000	-0.037886	-120.008003
805	0.016577	75000	-0.037627	-120.045630
806	0.016364	75000	-0.037235	-120.082864
807	0.016153	75000	-0.037025	-120.119889
808	0.015943	75000	-0.036738	-120.156627
809	0.015736	75000	-0.036548	-120.193175
810	0.015529	75000	-0.036191	-120.229365
811	0.015325	75000	-0.035990	-120.265356
812	0.015122	75000	-0.035669	-120.301025
813	0.014920	75000	-0.035426	-120.336451
814	0.014721	75000	-0.035141	-120.371592
815	0.014523	75000	-0.034815	-120.406407
816	0.014326	75000	-0.034524	-120.440932
817	0.014131	75000	-0.034353	-120.475285
818	0.013938	75000	-0.034020	-120.509305
819	0.013746	75000	-0.033764	-120.543070
820	0.013556	75000	-0.033409	-120.576479
821	0.013367	75000	-0.033198	-120.609677
822	0.013181	75000	-0.033010	-120.642686
823	0.012995	75000	-0.032628	-120.675314
824	0.012811	75000	-0.032363	-120.707676
825	0.012629	75000	-0.032067	-120.739744
826	0.012448	75000	-0.031892	-120.771635
827	0.012269	75000	-0.031586	-120.803222
828	0.012092	75000	-0.031311	-120.834533
829	0.011916	75000	-0.031158	-120.865690
830	0.011741	75000	-0.030818	-120.896509
831	0.011568	75000	-0.030504	-120.927013
832	0.011397	75000	-0.030241	-120.957254
833	0.011227	75000	-0.030060	-120.987315
834	0.011059	75000	-0.029716	-121.017030
835	0.010892	75000	-0.029470	-121.046501
836	0.010727	75000	-0.029260	-121.075761
837	0.010563	75000	-0.028951	-121.104712
838	0.010401	75000	-0.028728	-121.133440
839	0.010240	75000	-0.028468	-121.161908
840	0.010081	75000	-0.028241	-121.190149
841	0.009923	75000	-0.027915	-121.218064
842	0.009767	75000	-0.027686	-121.245751
843	0.009612	75000	-0.027407	-121.273158
844	0.009459	75000	-0.027083	-121.300241
845	0.009307	75000	-0.026921	-121.327162
846	0.009156	75000	-0.026660	-121.353822
847	0.009008	75000	-0.026368	-121.380190
848	0.008860	75000	-0.026101	-121.406291
849	0.008714	75000	-0.025822	-121.432113
850	0.008570	75000	-0.025667	-121.457780
851	0.008427	75000	-0.025338	-121.483118
852	0.008285	75000	-0.025125	-121.508242
853	0.008145	75000	-0.024852	-121.533095
854	0.008006	75000	-0.024590	-121.557684
855	0.007869	75000	-0.024351	-121.582035
856	0.007733	75000	-0.024116	-121.606151
857	0.007598	75000	-0.023821	-121.629973
858	0.007465	75000	-0.023587	-121.653560
859	0.007334	75000	-0.023349	-121.676909
860	0.007203	75000	-0.023119	-121.700029
861	0.007075	75000	-0.022956	-121.722985
862	0.006947	75000	-0.022665	-121.745649
863	0.006821	75000	-0.022368	-121.768018
864	0.006696	75000	-0.022131	-121.790149
865	0.006573	75000	-0.021918	-121.812067
866	0.006451	75000	-0.021649	-121.833716
867	0.006330	75000	-0.021398	-121.855113
868	0.006211	75000	-0.021173	-121.876286
869	0.006093	75000	-0.020926	-121.897212
870	0.005977	75000	-0.020753	-121.917965
871	0.005862	75000	-0.020464	-121.938429
872	0.005748	75000	-0.020223	-121.958652
873	0.005635	75000	-0.020052	-121.978704
874	0.005524	75000	-0.019793	-121.998497
875	0.005414	75000	-0.019524	-122.018021
876	0.005306	75000	-0.019276	-122.037297
877	0.005199	75000	-0.019078	-122.056375
878	0.005093	75000	-0.018880	-122.075254
879	0.004988	75000	-0.018590	-122.093844
880	0.004885	75000	-0.018378	-122.112222
881	0.004783	75000	-0.018169	-122.130391
882	0.004682	75000	-0.017936	-122.148326
883	0.004583	75000	-0.017730	-122.166056
884	0.004485	75000	-0.017467	-122.183524
885	0.004388	75000	-0.017245	-122.200769
886	0.004292	75000	-0.017033	-122.217802
887	0.004198	75000	-0.016829	-122.234630
888	0.004105	75000	-0.016563	-122.251193
889	0.004013	75000	-0.016370	-122.267564
890	0.003923	75000	-0.016139	-122.283703
891	0.003833	75000	-0.015917	-122.299620
892	0.003745	75000	-0.015716	-122.315336
893	0.003658	75000	-0.015487	-122.330823
894	0.003573	75000	-0.015300	-122.346123
895	0.003488	75000	-0.015031	-122.361154
896	0.003405	75000	-0.014827	-122.375981
897	0.003323	75000	-0.014601	-122.390582
898	0.003242	75000	-0.014399	-122.404981
899	0.003162	75000	-0.014189	-122.419170
900	0.003084	75000	-0.013989	-122.433158
901	0.003007	75000	-0.013784	-122.446942
902	0.002930	75000	-0.013561	-122.460504
903	0.002855	75000	-0.013371	-122.473875
904	0.002782	75000	-0.013140	-122.487015
905	0.002709	75000	-0.012978	-122.499993
906	0.002638	75000	-0.012728	-122.512722
907	0.002567	75000	-0.012550	-122.525271
908	0.002498	75000	-0.012335	-122.537607
909	0.002430	75000	-0.012154	-122.549761
910	0.002363	75000	-0.011947	-122.561708
911	0.002297	75000	-0.011768	-122.573477
912	0.002233	75000	-0.011551	-122.585027
913	0.002169	75000	-0.011357	-122.596384
914	0.002106	75000	-0.011167	-122.607551
915	0.002045	75000	-0.010995	-122.618546
916	0.001985	75000	-0.010757	-122.629303
917	0.001925	75000	-0.010582	-122.639885
918	0.001867	75000	-0.010380	-122.650265
919	0.001810	75000	-0.010200	-122.660465
920	0.001754	75000	-0.009999	-122.670465
921	0.001699	75000	-0.009809	-122.680274
922	0.001645	75000	-0.009627	-122.689900
923	0.001592	75000	-0.009440	-122.699341
924	0.001540	75000	-0.009238	-122.708578
925	0.001490	75000	-0.009078	-122.717656
926	0.001440	75000	-0.008908	-122.726564
927	0.001391	75000	-0.008719	-122.735283
928	0.001343	75000	-0.008534	-122.743817
929	0.001296	75000	-0.008359	-122.752176
930	0.001251	75000	-0.008183	-122.760359
931	0.001206	75000	-0.008011	-122.768370
932	0.001162	75000	-0.007841	-122.776211
933	0.001119	75000	-0.007664	-122.783875
934	0.001077	75000	-0.007486	-122.791362
935	0.001036	75000	-0.007315	-122.798676
936	0.000996	75000	-0.007151	-122.805828
937	0.000957	75000	-0.006972	-122.812800
938	0.000919	75000	-0.006814	-122.819613
939	0.000882	75000	-0.006655	-122.826269
940	0.000846	75000	-0.006481	-122.832750
941	0.000810	75000	-0.006332	-122.839082
942	0.000776	75000	-0.006166	-122.845247
943	0.000742	75000	-0.006011	-122.851258
944	0.000709	75000	-0.005838	-122.857096
945	0.000678	75000	-0.005692	-122.862788
946	0.000647	75000	-0.005531	-122.868319
947	0.000617	75000	-0.005371	-122.873690
948	0.000587	75000	-0.005215	-122.878905
949	0.000559	75000	-0.005073	-122.883978
950	0.000531	75000	-0.004915	-122.888893
951	0.000505	75000	-0.004770	-122.893663
952	0.000479	75000	-0.004627	-122.898290
953	0.000454	75000	-0.004484	-122.902774
954	0.000430	75000	-0.004338	-122.907112
955	0.000406	75000	-0.004190	-122.911303
956	0.000383	75000	-0.004054	-122.915356
957	0.000362	75000	-0.003921	-122.919277
958	0.000340	75000	-0.003783	-122.923060
959	0.000320	75000	-0.003642	-122.926702
960	0.000300	75000	-0.003511	-122.930214
961	0.000281	75000	-0.003378	-122.933591
962	0.000263	75000	-0.003251	-122.936842
963	0.000246	75000	-0.003114	-122.939956
964	0.000229	75000	-0.002997	-122.942953
965	0.000213	75000	-0.002860	-122.945813
966	0.000198	75000	-0.002743	-122.948556
967	0.000183	75000	-0.002622	-122.951178
968	0.000169	75000	-0.002499	-122.953677
969	0.000156	75000	-0.002380	-122.956058
970	0.000143	75000	-0.002265	-122.958323
971	0.000131	75000	-0.002155	-122.960477
972	0.000120	75000	-0.002039	-122.962517
973	0.000109	75000	-0.001929	-122.964446
974	0.000099	75000	-0.001824	-122.966270
975	0.000089	75000	-0.001714	-122.967984
976	0.000080	75000	-0.001611	-122.969596
977	0.000072	75000	-0.001510	-122.971106
978	0.000064	75000	-0.001410	-122.972516
979	0.000057	75000	-0.001312	-122.973828
980	0.000050	75000	-0.001218	-122.975046
981	0.000043	75000	-0.001126	-122.976172
982	0.000038	75000	-0.001037	-122.977209
983	0.000032	75000	-0.000948	-122.978158
984	0.000028	75000	-0.000863	-122.979020
985	0.000023	75000	-0.000782	-122.979802
986	0.000019	75000	-0.000702	-122.980505
987	0.000016	75000	-0.000625	-122.981130
988	0.000013	75000	-0.000551	-122.981681
989	0.000010	75000	-0.000482	-122.982164
990	0.000008	75000	-0.000414	-122.982578
991	0.000006	75000	-0.000351	-122.982929
992	0.000004	75000	-0.000291	-122.983220
993	0.000003	75000	-0.000235	-122.983455
994	0.000002	75000	-0.000182	-122.983637
995	0.000001	75000	-0.000135	-122.983772
996	0.000000	75000	-0.000093	-122.983865
997	0.000000	75000	-0.000056	-122.983921
998	0.000000	75000	-0.000026	-122.983947
999	0.000000	75000	-0.000006	-122.983953
Log marginal likelihood:	-122.983953
