Steppingstone sampler:
        No Stones:                  1000
        Start It:                   10000001
        It Per Stone:               100000
        Sample Freq:                1
        Dist:                       Beta(0.400000,1.000000)
Stone No	Power	N	Stone MLh	Running MLh
0	0.997502	75000	-0.699734	-0.699734
1	0.995007	75000	-0.698140	-1.397874
2	0.992517	75000	-0.697466	-2.095340
3	0.990030	75000	-0.696428	-2.791768
4	0.987547	75000	-0.695214	-3.486982
5	0.985067	75000	-0.694306	-4.181289
6	0.982592	75000	-0.693229	-4.874518
7	0.980120	75000	-0.692428	-5.566946
8	0.977652	75000	-0.691370	-6.258317
9	0.975187	75000	-0.690181	-6.948497
10	0.972726	75000	-0.689291	-7.637788
11	0.970269	75000	-0.688267	-8.326054
12	0.967816	75000	-0.687283	-9.013338
13	0.965367	75000	-0.685840	-9.699178
14	0.962921	75000	-0.685349	-10.384527
15	0.960479	75000	-0.683977	-11.068504
16	0.958040	75000	-0.683129	-11.751632
17	0.955606	75000	-0.682390	-12.434023
18	0.953175	75000	-0.681124	-13.115147
19	0.950747	75000	-0.679978	-13.795125
20	0.948324	75000	-0.679070	-14.474195
21	0.945904	75000	-0.678162	-15.152357
22	0.943488	75000	-0.676746	-15.829104
23	0.941076	75000	-0.676290	-16.505394
24	0.938667	75000	-0.674715	-17.180109
25	0.936262	75000	-0.673607	-17.853716
26	0.933861	75000	-0.672682	-18.526398
27	0.931463	75000	-0.671919	-19.198317
28	0.929069	75000	-0.671172	-19.869490
29	0.926679	75000	-0.670128	-20.539618
30	0.924293	75000	-0.668855	-21.208473
31	0.921910	75000	-0.667614	-21.876087
32	0.919531	75000	-0.666960	-22.543047
33	0.917155	75000	-0.665863	-23.208911
34	0.914783	75000	-0.665147	-23.874058
35	0.912415	75000	-0.663840	-24.537898
36	0.910051	75000	-0.663039	-25.200938
37	0.907690	75000	-0.661530	-25.862468
38	0.905333	75000	-0.660581	-26.523048
39	0.902980	75000	-0.659805	-27.182854
40	0.900630	75000	-0.658594	-27.841448
41	0.898284	75000	-0.657595	-28.499043
42	0.895942	75000	-0.657138	-29.156182
43	0.893603	75000	-0.655897	-29.812078
44	0.891268	75000	-0.654662	-30.466741
45	0.888937	75000	-0.653701	-31.120441
46	0.886609	75000	-0.652782	-31.773224
47	0.884285	75000	-0.651500	-32.424724
48	0.881965	75000	-0.650675	-33.075399
49	0.879648	75000	-0.649165	-33.724563
50	0.877335	75000	-0.648698	-34.373261
51	0.875026	75000	-0.647445	-35.020706
52	0.872720	75000	-0.646324	-35.667030
53	0.870418	75000	-0.645774	-36.312804
54	0.868120	75000	-0.644704	-36.957508
55	0.865825	75000	-0.643732	-37.601240
56	0.863534	75000	-0.642775	-38.244015
57	0.861246	75000	-0.641709	-38.885724
58	0.858962	75000	-0.640931	-39.526655
59	0.856682	75000	-0.639613	-40.166267
60	0.854405	75000	-0.638552	-40.804819
61	0.852132	75000	-0.637677	-41.442496
62	0.849863	75000	-0.636807	-42.079303
63	0.847597	75000	-0.635283	-42.714586
64	0.845335	75000	-0.634737	-43.349324
65	0.843077	75000	-0.633336	-43.982659
66	0.840822	75000	-0.632694	-44.615354
67	0.838571	75000	-0.631781	-45.247134
68	0.836323	75000	-0.630392	-45.877526
69	0.834079	75000	-0.629397	-46.506924
70	0.831839	75000	-0.628516	-47.135440
71	0.829602	75000	-0.627817	-47.763257
72	0.827369	75000	-0.626705	-48.389962
73	0.825140	75000	-0.625784	-49.015746
74	0.822914	75000	-0.624649	-49.640395
75	0.820691	75000	-0.623681	-50.264075
76	0.818473	75000	-0.622698	-50.886774
77	0.816258	75000	-0.621406	-51.508180
78	0.814046	75000	-0.620860	-52.129040
79	0.811838	75000	-0.620085	-52.749125
80	0.809634	75000	-0.618655	-53.367780
81	0.807433	75000	-0.617414	-53.985193
82	0.805236	75000	-0.616925	-54.602118
83	0.803043	75000	-0.616098	-55.218217
84	0.800853	75000	-0.614758	-55.832975
85	0.798667	75000	-0.613939	-56.446914
86	0.796484	75000	-0.612519	-57.059432
87	0.794305	75000	-0.611611	-57.671043
88	0.792129	75000	-0.611068	-58.282111
89	0.789957	75000	-0.609772	-58.891883
90	0.787789	75000	-0.608292	-59.500176
91	0.785624	75000	-0.607842	-60.108017
92	0.783463	75000	-0.606799	-60.714816
93	0.781305	75000	-0.606275	-61.321091
94	0.779151	75000	-0.604875	-61.925966
95	0.777000	75000	-0.603523	-62.529488
96	0.774853	75000	-0.603014	-63.132502
97	0.772710	75000	-0.601653	-63.734155
98	0.770570	75000	-0.601062	-64.335217
99	0.768433	75000	-0.599946	-64.935163
100	0.766301	75000	-0.599107	-65.534269
101	0.764172	75000	-0.598542	-66.132811
102	0.762046	75000	-0.597210	-66.730021
103	0.759924	75000	-0.595944	-67.325965
104	0.757805	75000	-0.595142	-67.921107
105	0.755690	75000	-0.594297	-68.515404
106	0.753579	75000	-0.592960	-69.108364
107	0.751471	75000	-0.591951	-69.700315
108	0.749366	75000	-0.591396	-70.291712
109	0.747266	75000	-0.590416	-70.882127
110	0.745168	75000	-0.589333	-71.471460
111	0.743075	75000	-0.588488	-72.059948
112	0.740984	75000	-0.587172	-72.647120
113	0.738898	75000	-0.586585	-73.233705
114	0.736815	75000	-0.585186	-73.818891
115	0.734735	75000	-0.584373	-74.403264
116	0.732659	75000	-0.583420	-74.986683
117	0.730586	75000	-0.582445	-75.569128
118	0.728517	75000	-0.581366	-76.150494
119	0.726452	75000	-0.580527	-76.731020
120	0.724390	75000	-0.579853	-77.310873
121	0.722331	75000	-0.579113	-77.889986
122	0.720276	75000	-0.578059	-78.468045
123	0.718225	75000	-0.576694	-79.044739
124	0.716177	75000	-0.576065	-79.620804
125	0.714132	75000	-0.574771	-80.195576
126	0.712091	75000	-0.573876	-80.769452
127	0.710054	75000	-0.572462	-81.341914
128	0.708020	75000	-0.571889	-81.913803
129	0.705989	75000	-0.570938	-82.484741
130	0.703962	75000	-0.570018	-83.054759
131	0.701939	75000	-0.568997	-83.623756
132	0.699919	75000	-0.568027	-84.191783
133	0.697902	75000	-0.566871	-84.758654
134	0.695889	75000	-0.565861	-85.324515
135	0.693880	75000	-0.565391	-85.889906
136	0.691874	75000	-0.564136	-86.454042
137	0.689871	75000	-0.563169	-87.017211
138	0.687872	75000	-0.562549	-87.579760
139	0.685877	75000	-0.561107	-88.140867
140	0.683885	75000	-0.560787	-88.701654
141	0.681896	75000	-0.559008	-89.260661
142	0.679911	75000	-0.558315	-89.818977
143	0.677929	75000	-0.557342	-90.376318
144	0.675951	75000	-0.556898	-90.933216
145	0.673976	75000	-0.555463	-91.488679
146	0.672005	75000	-0.554633	-92.043312
147	0.670037	75000	-0.553729	-92.597041
148	0.668073	75000	-0.552692	-93.149733
149	0.666112	75000	-0.551884	-93.701617
150	0.664155	75000	-0.550410	-94.252027
151	0.662201	75000	-0.549813	-94.801840
152	0.660250	75000	-0.548841	-95.350681
153	0.658303	75000	-0.547929	-95.898609
154	0.656359	75000	-0.546913	-96.445523
155	0.654419	75000	-0.546010	-96.991533
156	0.652483	75000	-0.545089	-97.536622
157	0.650549	75000	-0.544182	-98.080804
158	0.648619	75000	-0.542961	-98.623765
159	0.646693	75000	-0.542255	-99.166020
160	0.644770	75000	-0.541338	-99.707358
161	0.642851	75000	-0.540085	-100.247443
162	0.640934	75000	-0.539595	-100.787038
163	0.639022	75000	-0.538638	-101.325677
164	0.637113	75000	-0.537486	-101.863162
165	0.635207	75000	-0.536540	-102.399702
166	0.633304	75000	-0.535913	-102.935615
167	0.631405	75000	-0.534877	-103.470492
168	0.629510	75000	-0.533678	-104.004169
169	0.627618	75000	-0.533091	-104.537261
170	0.625729	75000	-0.532204	-105.069465
171	0.623844	75000	-0.531035	-105.600500
172	0.621962	75000	-0.529903	-106.130403
173	0.620083	75000	-0.529199	-106.659603
174	0.618208	75000	-0.528218	-107.187820
175	0.616337	75000	-0.527302	-107.715122
176	0.614468	75000	-0.526326	-108.241448
177	0.612604	75000	-0.525360	-108.766809
178	0.610742	75000	-0.524143	-109.290952
179	0.608884	75000	-0.523423	-109.814375
180	0.607029	75000	-0.522200	-110.336576
181	0.605178	75000	-0.521913	-110.858489
182	0.603330	75000	-0.520352	-111.378841
183	0.601486	75000	-0.519702	-111.898542
184	0.599645	75000	-0.518700	-112.417243
185	0.597807	75000	-0.517773	-112.935016
186	0.595973	75000	-0.516941	-113.451957
187	0.594142	75000	-0.515924	-113.967880
188	0.592314	75000	-0.515143	-114.483024
189	0.590490	75000	-0.514274	-114.997298
190	0.588669	75000	-0.513160	-115.510458
191	0.586852	75000	-0.512380	-116.022837
192	0.585038	75000	-0.511568	-116.534405
193	0.583227	75000	-0.510472	-117.044878
194	0.581420	75000	-0.509506	-117.554384
195	0.579616	75000	-0.508770	-118.063154
196	0.577815	75000	-0.507937	-118.571091
197	0.576018	75000	-0.506928	-119.078019
198	0.574224	75000	-0.505872	-119.583891
199	0.572433	75000	-0.504922	-120.088813
200	0.570646	75000	-0.504216	-120.593029
201	0.568862	75000	-0.502980	-121.096008
202	0.567082	75000	-0.502245	-121.598253
203	0.565305	75000	-0.501188	-122.099441
204	0.563531	75000	-0.500130	-122.599571
205	0.561761	75000	-0.499369	-123.098940
206	0.559993	75000	-0.498601	-123.597541
207	0.558230	75000	-0.497638	-124.095179
208	0.556469	75000	-0.496584	-124.591763
209	0.554712	75000	-0.495740	-125.087503
210	0.552958	75000	-0.494521	-125.582024
211	0.551208	75000	-0.493962	-126.075986
212	0.549461	75000	-0.493145	-126.569132
213	0.547717	75000	-0.492398	-127.061529
214	0.545977	75000	-0.491045	-127.552574
215	0.544240	75000	-0.490239	-128.042814
216	0.542506	75000	-0.489244	-128.532058
217	0.540775	75000	-0.488271	-129.020329
218	0.539048	75000	-0.487426	-129.507755
219	0.537324	75000	-0.486505	-129.994260
220	0.535604	75000	-0.485530	-130.479790
221	0.533887	75000	-0.484773	-130.964563
222	0.532173	75000	-0.484015	-131.448578
223	0.530462	75000	-0.483172	-131.931750
224	0.528755	75000	-0.482090	-132.413841
225	0.527051	75000	-0.481375	-132.895216
226	0.525350	75000	-0.480346	-133.375562
227	0.523653	75000	-0.479632	-133.855194
228	0.521958	75000	-0.478646	-134.333840
229	0.520268	75000	-0.477998	-134.811838
230	0.518580	75000	-0.476669	-135.288507
231	0.516896	75000	-0.475522	-135.764029
232	0.515215	75000	-0.474915	-136.238944
233	0.513537	75000	-0.473768	-136.712712
234	0.511863	75000	-0.472913	-137.185625
235	0.510192	75000	-0.472146	-137.657771
236	0.508524	75000	-0.471437	-138.129208
237	0.506859	75000	-0.470284	-138.599492
238	0.505198	75000	-0.469438	-139.068930
239	0.503540	75000	-0.468473	-139.537403
240	0.501885	75000	-0.467403	-140.004805
241	0.500234	75000	-0.466819	-140.471624
242	0.498586	75000	-0.466073	-140.937697
243	0.496941	75000	-0.465030	-141.402726
244	0.495299	75000	-0.463873	-141.866599
245	0.493660	75000	-0.463137	-142.329737
246	0.492025	75000	-0.462183	-142.791920
247	0.490393	75000	-0.461417	-143.253337
248	0.488765	75000	-0.460411	-143.713748
249	0.487139	75000	-0.459432	-144.173180
250	0.485517	75000	-0.458836	-144.632016
251	0.483898	75000	-0.457840	-145.089856
252	0.482283	75000	-0.457019	-145.546875
253	0.480670	75000	-0.456119	-146.002994
254	0.479061	75000	-0.455106	-146.458100
255	0.477455	75000	-0.454508	-146.912608
256	0.475852	75000	-0.453589	-147.366197
257	0.474253	75000	-0.452671	-147.818868
258	0.472656	75000	-0.451751	-148.270620
259	0.471063	75000	-0.450684	-148.721304
260	0.469474	75000	-0.449895	-149.171199
261	0.467887	75000	-0.449134	-149.620333
262	0.466304	75000	-0.448056	-150.068389
263	0.464723	75000	-0.447249	-150.515638
264	0.463146	75000	-0.446479	-150.962117
265	0.461573	75000	-0.445588	-151.407704
266	0.460002	75000	-0.444487	-151.852191
267	0.458435	75000	-0.444028	-152.296219
268	0.456871	75000	-0.442718	-152.738938
269	0.455310	75000	-0.442018	-153.180955
270	0.453752	75000	-0.441152	-153.622107
271	0.452198	75000	-0.440310	-154.062417
272	0.450647	75000	-0.439178	-154.501595
273	0.449098	75000	-0.438421	-154.940016
274	0.447554	75000	-0.437252	-155.377267
275	0.446012	75000	-0.436593	-155.813860
276	0.444473	75000	-0.435525	-156.249385
277	0.442938	75000	-0.434917	-156.684303
278	0.441406	75000	-0.434404	-157.118706
279	0.439877	75000	-0.433226	-157.551932
280	0.438351	75000	-0.432283	-157.984215
281	0.436829	75000	-0.431201	-158.415415
282	0.435309	75000	-0.430661	-158.846076
283	0.433793	75000	-0.429674	-159.275751
284	0.432280	75000	-0.428875	-159.704625
285	0.430770	75000	-0.428067	-160.132692
286	0.429263	75000	-0.427102	-160.559795
287	0.427760	75000	-0.426309	-160.986103
288	0.426259	75000	-0.425714	-161.411817
289	0.424762	75000	-0.424385	-161.836202
290	0.423268	75000	-0.423520	-162.259722
291	0.421777	75000	-0.422979	-162.682700
292	0.420289	75000	-0.421609	-163.104309
293	0.418805	75000	-0.421040	-163.525349
294	0.417323	75000	-0.419985	-163.945334
295	0.415845	75000	-0.419282	-164.364616
296	0.414370	75000	-0.418421	-164.783037
297	0.412898	75000	-0.417338	-165.200375
298	0.411429	75000	-0.416676	-165.617052
299	0.409963	75000	-0.415868	-166.032920
300	0.408501	75000	-0.415039	-166.447959
301	0.407041	75000	-0.413914	-166.861874
302	0.405585	75000	-0.413396	-167.275269
303	0.404132	75000	-0.412315	-167.687584
304	0.402682	75000	-0.411671	-168.099255
305	0.401235	75000	-0.410646	-168.509901
306	0.399791	75000	-0.409921	-168.919822
307	0.398350	75000	-0.408996	-169.328818
308	0.396913	75000	-0.408182	-169.737000
309	0.395478	75000	-0.407170	-170.144170
310	0.394047	75000	-0.406433	-170.550603
311	0.392619	75000	-0.405435	-170.956038
312	0.391194	75000	-0.404669	-171.360708
313	0.389772	75000	-0.403878	-171.764586
314	0.388353	75000	-0.403176	-172.167762
315	0.386937	75000	-0.402104	-172.569866
316	0.385524	75000	-0.401208	-172.971075
317	0.384115	75000	-0.400357	-173.371431
318	0.382708	75000	-0.399289	-173.770721
319	0.381305	75000	-0.398777	-174.169497
320	0.379904	75000	-0.397987	-174.567485
321	0.378507	75000	-0.397265	-174.964750
322	0.377113	75000	-0.396219	-175.360969
323	0.375722	75000	-0.395188	-175.756157
324	0.374334	75000	-0.394587	-176.150744
325	0.372949	75000	-0.393700	-176.544444
326	0.371567	75000	-0.392970	-176.937414
327	0.370189	75000	-0.391890	-177.329304
328	0.368813	75000	-0.391120	-177.720424
329	0.367440	75000	-0.390370	-178.110794
330	0.366071	75000	-0.389411	-178.500205
331	0.364705	75000	-0.388410	-178.888615
332	0.363341	75000	-0.387948	-179.276563
333	0.361981	75000	-0.386925	-179.663487
334	0.360624	75000	-0.386094	-180.049581
335	0.359269	75000	-0.385336	-180.434918
336	0.357918	75000	-0.384460	-180.819377
337	0.356570	75000	-0.383787	-181.203164
338	0.355225	75000	-0.382666	-181.585830
339	0.353883	75000	-0.381959	-181.967789
340	0.352544	75000	-0.380974	-182.348763
341	0.351208	75000	-0.380213	-182.728976
342	0.349875	75000	-0.379488	-183.108464
343	0.348546	75000	-0.378837	-183.487300
344	0.347219	75000	-0.377651	-183.864951
345	0.345895	75000	-0.377029	-184.241980
346	0.344574	75000	-0.376180	-184.618160
347	0.343257	75000	-0.375412	-184.993571
348	0.341942	75000	-0.374723	-185.368295
349	0.340630	75000	-0.373747	-185.742042
350	0.339322	75000	-0.372786	-186.114828
351	0.338016	75000	-0.372253	-186.487080
352	0.336714	75000	-0.370956	-186.858036
353	0.335414	75000	-0.370348	-187.228384
354	0.334118	75000	-0.369474	-187.597858
355	0.332824	75000	-0.368648	-187.966506
356	0.331534	75000	-0.367732	-188.334238
357	0.330246	75000	-0.367263	-188.701501
358	0.328962	75000	-0.366185	-189.067686
359	0.327680	75000	-0.365652	-189.433339
360	0.326401	75000	-0.364539	-189.797877
361	0.325126	75000	-0.363634	-190.161511
362	0.323853	75000	-0.363108	-190.524619
363	0.322584	75000	-0.361875	-190.886494
364	0.321317	75000	-0.361315	-191.247809
365	0.320054	75000	-0.360217	-191.608026
366	0.318793	75000	-0.359650	-191.967676
367	0.317536	75000	-0.358809	-192.326486
368	0.316281	75000	-0.358094	-192.684580
369	0.315030	75000	-0.357045	-193.041625
370	0.313781	75000	-0.356342	-193.397967
371	0.312535	75000	-0.355671	-193.753637
372	0.311293	75000	-0.354513	-194.108151
373	0.310053	75000	-0.353859	-194.462010
374	0.308816	75000	-0.353302	-194.815312
375	0.307582	75000	-0.352538	-195.167850
376	0.306352	75000	-0.351455	-195.519305
377	0.305124	75000	-0.350800	-195.870106
378	0.303899	75000	-0.349773	-196.219879
379	0.302677	75000	-0.349077	-196.568956
380	0.301458	75000	-0.348327	-196.917283
381	0.300242	75000	-0.347444	-197.264727
382	0.299029	75000	-0.346735	-197.611462
383	0.297819	75000	-0.345785	-197.957247
384	0.296611	75000	-0.345136	-198.302383
385	0.295407	75000	-0.344145	-198.646528
386	0.294206	75000	-0.343493	-198.990021
387	0.293007	75000	-0.342780	-199.332801
388	0.291812	75000	-0.341724	-199.674525
389	0.290619	75000	-0.341151	-200.015677
390	0.289430	75000	-0.340280	-200.355957
391	0.288243	75000	-0.339475	-200.695432
392	0.287059	75000	-0.338729	-201.034161
393	0.285879	75000	-0.338084	-201.372245
394	0.284701	75000	-0.337121	-201.709366
395	0.283526	75000	-0.336253	-202.045619
396	0.282354	75000	-0.335352	-202.380971
397	0.281184	75000	-0.334806	-202.715778
398	0.280018	75000	-0.333982	-203.049760
399	0.278855	75000	-0.333095	-203.382855
400	0.277694	75000	-0.332450	-203.715305
401	0.276537	75000	-0.331594	-204.046899
402	0.275382	75000	-0.330662	-204.377562
403	0.274230	75000	-0.330008	-204.707569
404	0.273082	75000	-0.329143	-205.036712
405	0.271936	75000	-0.328413	-205.365126
406	0.270793	75000	-0.327526	-205.692651
407	0.269652	75000	-0.327075	-206.019726
408	0.268515	75000	-0.326019	-206.345745
409	0.267381	75000	-0.325250	-206.670995
410	0.266249	75000	-0.324469	-206.995464
411	0.265121	75000	-0.323633	-207.319097
412	0.263995	75000	-0.322867	-207.641964
413	0.262872	75000	-0.322154	-207.964118
414	0.261752	75000	-0.321236	-208.285354
415	0.260635	75000	-0.320491	-208.605845
416	0.259520	75000	-0.319715	-208.925560
417	0.258409	75000	-0.318810	-209.244370
418	0.257300	75000	-0.318386	-209.562756
419	0.256195	75000	-0.317169	-209.879925
420	0.255092	75000	-0.316648	-210.196572
421	0.253992	75000	-0.315830	-210.512402
422	0.252895	75000	-0.314985	-210.827387
423	0.251800	75000	-0.314185	-211.141572
424	0.250709	75000	-0.313702	-211.455274
425	0.249620	75000	-0.312553	-211.767827
426	0.248534	75000	-0.311842	-212.079669
427	0.247451	75000	-0.311103	-212.390772
428	0.246371	75000	-0.310267	-212.701039
429	0.245294	75000	-0.309798	-213.010837
430	0.244220	75000	-0.308757	-213.319594
431	0.243148	75000	-0.308153	-213.627747
432	0.242079	75000	-0.307268	-213.935015
433	0.241013	75000	-0.306504	-214.241519
434	0.239950	75000	-0.305875	-214.547394
435	0.238890	75000	-0.304981	-214.852375
436	0.237832	75000	-0.304317	-215.156692
437	0.236778	75000	-0.303457	-215.460150
438	0.235726	75000	-0.302755	-215.762904
439	0.234677	75000	-0.301723	-216.064627
440	0.233630	75000	-0.301031	-216.365658
441	0.232587	75000	-0.300206	-216.665864
442	0.231546	75000	-0.299566	-216.965430
443	0.230509	75000	-0.298945	-217.264376
444	0.229473	75000	-0.298055	-217.562431
445	0.228441	75000	-0.297224	-217.859654
446	0.227412	75000	-0.296816	-218.156470
447	0.226385	75000	-0.295928	-218.452398
448	0.225361	75000	-0.295031	-218.747429
449	0.224340	75000	-0.294495	-219.041924
450	0.223322	75000	-0.293853	-219.335776
451	0.222306	75000	-0.292745	-219.628521
452	0.221293	75000	-0.292013	-219.920534
453	0.220283	75000	-0.291209	-220.211744
454	0.219276	75000	-0.290696	-220.502440
455	0.218272	75000	-0.289606	-220.792046
456	0.217270	75000	-0.288897	-221.080943
457	0.216271	75000	-0.288159	-221.369102
458	0.215275	75000	-0.287395	-221.656497
459	0.214281	75000	-0.286920	-221.943417
460	0.213291	75000	-0.286013	-222.229430
461	0.212303	75000	-0.285332	-222.514762
462	0.211318	75000	-0.284625	-222.799386
463	0.210335	75000	-0.283818	-223.083205
464	0.209356	75000	-0.283094	-223.366298
465	0.208379	75000	-0.282071	-223.648370
466	0.207404	75000	-0.281701	-223.930070
467	0.206433	75000	-0.280548	-224.210618
468	0.205464	75000	-0.279877	-224.490495
469	0.204498	75000	-0.279307	-224.769803
470	0.203535	75000	-0.278356	-225.048158
471	0.202575	75000	-0.277832	-225.325991
472	0.201617	75000	-0.276756	-225.602747
473	0.200662	75000	-0.276406	-225.879152
474	0.199709	75000	-0.275515	-226.154668
475	0.198760	75000	-0.274804	-226.429472
476	0.197813	75000	-0.274044	-226.703516
477	0.196869	75000	-0.273178	-226.976694
478	0.195927	75000	-0.272364	-227.249059
479	0.194988	75000	-0.271708	-227.520766
480	0.194052	75000	-0.271068	-227.791834
481	0.193119	75000	-0.270487	-228.062321
482	0.192188	75000	-0.269825	-228.332146
483	0.191260	75000	-0.269222	-228.601367
484	0.190335	75000	-0.268342	-228.869709
485	0.189412	75000	-0.267635	-229.137344
486	0.188492	75000	-0.266778	-229.404122
487	0.187575	75000	-0.266314	-229.670436
488	0.186660	75000	-0.265044	-229.935480
489	0.185749	75000	-0.264799	-230.200279
490	0.184839	75000	-0.263745	-230.464024
491	0.183933	75000	-0.263123	-230.727147
492	0.183029	75000	-0.262174	-230.989321
493	0.182128	75000	-0.261736	-231.251057
494	0.181229	75000	-0.260785	-231.511842
495	0.180333	75000	-0.260175	-231.772017
496	0.179440	75000	-0.259234	-232.031251
497	0.178550	75000	-0.258728	-232.289979
498	0.177662	75000	-0.258176	-232.548155
499	0.176777	75000	-0.257198	-232.805353
500	0.175894	75000	-0.256558	-233.061911
501	0.175014	75000	-0.255796	-233.317707
502	0.174137	75000	-0.255085	-233.572792
503	0.173262	75000	-0.254525	-233.827317
504	0.172390	75000	-0.253700	-234.081017
505	0.171521	75000	-0.252945	-234.333963
506	0.170654	75000	-0.252373	-234.586336
507	0.169790	75000	-0.251587	-234.837923
508	0.168929	75000	-0.250599	-235.088521
509	0.168070	75000	-0.250216	-235.338737
510	0.167214	75000	-0.249450	-235.588187
511	0.166360	75000	-0.248697	-235.836884
512	0.165509	75000	-0.247910	-236.084794
513	0.164661	75000	-0.247283	-236.332077
514	0.163815	75000	-0.246690	-236.578766
515	0.162972	75000	-0.245939	-236.824705
516	0.162132	75000	-0.245528	-237.070233
517	0.161294	75000	-0.244340	-237.314573
518	0.160458	75000	-0.243722	-237.558295
519	0.159626	75000	-0.243278	-237.801574
520	0.158796	75000	-0.242444	-238.044017
521	0.157968	75000	-0.241700	-238.285717
522	0.157143	75000	-0.240898	-238.526615
523	0.156321	75000	-0.240120	-238.766735
524	0.155501	75000	-0.239538	-239.006273
525	0.154684	75000	-0.239100	-239.245373
526	0.153870	75000	-0.238252	-239.483625
527	0.153058	75000	-0.237362	-239.720987
528	0.152248	75000	-0.236691	-239.957677
529	0.151441	75000	-0.235945	-240.193622
530	0.150637	75000	-0.235336	-240.428958
531	0.149835	75000	-0.234805	-240.663763
532	0.149036	75000	-0.233890	-240.897653
533	0.148240	75000	-0.233477	-241.131129
534	0.147446	75000	-0.232736	-241.363866
535	0.146654	75000	-0.231886	-241.595752
536	0.145865	75000	-0.231236	-241.826987
537	0.145079	75000	-0.230849	-242.057836
538	0.144295	75000	-0.229882	-242.287718
539	0.143514	75000	-0.229094	-242.516812
540	0.142735	75000	-0.228541	-242.745353
541	0.141959	75000	-0.227808	-242.973160
542	0.141186	75000	-0.227015	-243.200175
543	0.140415	75000	-0.226468	-243.426644
544	0.139646	75000	-0.225935	-243.652579
545	0.138880	75000	-0.225192	-243.877771
546	0.138116	75000	-0.224601	-244.102371
547	0.137356	75000	-0.223976	-244.326347
548	0.136597	75000	-0.222932	-244.549279
549	0.135841	75000	-0.222368	-244.771647
550	0.135088	75000	-0.221541	-244.993187
551	0.134337	75000	-0.220799	-245.213986
552	0.133588	75000	-0.220390	-245.434376
553	0.132843	75000	-0.219776	-245.654152
554	0.132099	75000	-0.219266	-245.873418
555	0.131358	75000	-0.218430	-246.091849
556	0.130620	75000	-0.217745	-246.309594
557	0.129884	75000	-0.217051	-246.526644
558	0.129151	75000	-0.216189	-246.742834
559	0.128420	75000	-0.215688	-246.958521
560	0.127691	75000	-0.215086	-247.173608
561	0.126965	75000	-0.214060	-247.387668
562	0.126242	75000	-0.213751	-247.601419
563	0.125521	75000	-0.213402	-247.814822
564	0.124802	75000	-0.212531	-248.027353
565	0.124086	75000	-0.211462	-248.238815
566	0.123373	75000	-0.211120	-248.449935
567	0.122662	75000	-0.210439	-248.660374
568	0.121953	75000	-0.209778	-248.870153
569	0.121247	75000	-0.209248	-249.079401
570	0.120543	75000	-0.208423	-249.287824
571	0.119842	75000	-0.207754	-249.495578
572	0.119143	75000	-0.207200	-249.702778
573	0.118447	75000	-0.206450	-249.909228
574	0.117753	75000	-0.206022	-250.115249
575	0.117062	75000	-0.205110	-250.320360
576	0.116373	75000	-0.204719	-250.525078
577	0.115686	75000	-0.203624	-250.728702
578	0.115002	75000	-0.203430	-250.932132
579	0.114320	75000	-0.202562	-251.134694
580	0.113641	75000	-0.202254	-251.336948
581	0.112964	75000	-0.201442	-251.538389
582	0.112290	75000	-0.200952	-251.739342
583	0.111618	75000	-0.199862	-251.939204
584	0.110948	75000	-0.199159	-252.138363
585	0.110281	75000	-0.198737	-252.337100
586	0.109616	75000	-0.197672	-252.534772
587	0.108954	75000	-0.197455	-252.732227
588	0.108294	75000	-0.196390	-252.928617
589	0.107637	75000	-0.196154	-253.124772
590	0.106981	75000	-0.196149	-253.320921
591	0.106329	75000	-0.194878	-253.515799
592	0.105678	75000	-0.195063	-253.710862
593	0.105030	75000	-0.193432	-253.904294
594	0.104385	75000	-0.193178	-254.097472
595	0.103742	75000	-0.192030	-254.289502
596	0.103101	75000	-0.191591	-254.481093
597	0.102463	75000	-0.191066	-254.672159
598	0.101827	75000	-0.190621	-254.862779
599	0.101193	75000	-0.189930	-255.052709
600	0.100562	75000	-0.189244	-255.241953
601	0.099933	75000	-0.188503	-255.430456
602	0.099306	75000	-0.187982	-255.618438
603	0.098682	75000	-0.187345	-255.805783
604	0.098060	75000	-0.187006	-255.992789
605	0.097441	75000	-0.186135	-256.178925
606	0.096824	75000	-0.185698	-256.364622
607	0.096209	75000	-0.185675	-256.550297
608	0.095596	75000	-0.184690	-256.734987
609	0.094986	75000	-0.184116	-256.919103
610	0.094379	75000	-0.183337	-257.102441
611	0.093773	75000	-0.182493	-257.284934
612	0.093170	75000	-0.181774	-257.466708
613	0.092570	75000	-0.181312	-257.648021
614	0.091971	75000	-0.181008	-257.829029
615	0.091375	75000	-0.179615	-258.008644
616	0.090781	75000	-0.179450	-258.188094
617	0.090190	75000	-0.179252	-258.367345
618	0.089601	75000	-0.178318	-258.545663
619	0.089014	75000	-0.177504	-258.723166
620	0.088430	75000	-0.176793	-258.899959
621	0.087848	75000	-0.176437	-259.076396
622	0.087268	75000	-0.176179	-259.252575
623	0.086690	75000	-0.175502	-259.428077
624	0.086115	75000	-0.174662	-259.602740
625	0.085542	75000	-0.174444	-259.777183
626	0.084971	75000	-0.173877	-259.951060
627	0.084403	75000	-0.172849	-260.123909
628	0.083837	75000	-0.172284	-260.296193
629	0.083273	75000	-0.171884	-260.468077
630	0.082712	75000	-0.170949	-260.639026
631	0.082152	75000	-0.170549	-260.809575
632	0.081595	75000	-0.170410	-260.979985
633	0.081041	75000	-0.169707	-261.149692
634	0.080488	75000	-0.169189	-261.318880
635	0.079938	75000	-0.168343	-261.487224
636	0.079390	75000	-0.167731	-261.654954
637	0.078845	75000	-0.167239	-261.822193
638	0.078301	75000	-0.166800	-261.988993
639	0.077760	75000	-0.165699	-262.154692
640	0.077221	75000	-0.165337	-262.320029
641	0.076684	75000	-0.164733	-262.484762
642	0.076150	75000	-0.164554	-262.649315
643	0.075618	75000	-0.164243	-262.813559
644	0.075088	75000	-0.163493	-262.977052
645	0.074560	75000	-0.162721	-263.139772
646	0.074035	75000	-0.162075	-263.301847
647	0.073512	75000	-0.161435	-263.463282
648	0.072991	75000	-0.161358	-263.624640
649	0.072472	75000	-0.160384	-263.785024
650	0.071955	75000	-0.160124	-263.945148
651	0.071441	75000	-0.159880	-264.105028
652	0.070929	75000	-0.158780	-264.263808
653	0.070419	75000	-0.158434	-264.422241
654	0.069911	75000	-0.157969	-264.580210
655	0.069406	75000	-0.157244	-264.737454
656	0.068903	75000	-0.156348	-264.893802
657	0.068401	75000	-0.156203	-265.050005
658	0.067903	75000	-0.155445	-265.205449
659	0.067406	75000	-0.155199	-265.360648
660	0.066911	75000	-0.154637	-265.515285
661	0.066419	75000	-0.153977	-265.669262
662	0.065929	75000	-0.153455	-265.822717
663	0.065441	75000	-0.153102	-265.975819
664	0.064955	75000	-0.152304	-266.128123
665	0.064471	75000	-0.151900	-266.280023
666	0.063990	75000	-0.151320	-266.431343
667	0.063510	75000	-0.150924	-266.582267
668	0.063033	75000	-0.149888	-266.732155
669	0.062558	75000	-0.150057	-266.882212
670	0.062085	75000	-0.149375	-267.031588
671	0.061615	75000	-0.148979	-267.180567
672	0.061146	75000	-0.148590	-267.329156
673	0.060680	75000	-0.148471	-267.477628
674	0.060216	75000	-0.148024	-267.625652
675	0.059753	75000	-0.146914	-267.772567
676	0.059293	75000	-0.146652	-267.919218
677	0.058836	75000	-0.145667	-268.064885
678	0.058380	75000	-0.145021	-268.209906
679	0.057926	75000	-0.144987	-268.354894
680	0.057475	75000	-0.144518	-268.499412
681	0.057025	75000	-0.143826	-268.643238
682	0.056578	75000	-0.143126	-268.786364
683	0.056133	75000	-0.143160	-268.929524
684	0.055690	75000	-0.142006	-269.071529
685	0.055249	75000	-0.142061	-269.213591
686	0.054810	75000	-0.140865	-269.354455
687	0.054373	75000	-0.141020	-269.495475
688	0.053939	75000	-0.140172	-269.635648
689	0.053506	75000	-0.139902	-269.775550
690	0.053076	75000	-0.139492	-269.915042
691	0.052647	75000	-0.138503	-270.053546
692	0.052221	75000	-0.138376	-270.191921
693	0.051797	75000	-0.138002	-270.329923
694	0.051375	75000	-0.137555	-270.467478
695	0.050955	75000	-0.137332	-270.604810
696	0.050537	75000	-0.136642	-270.741452
697	0.050121	75000	-0.136023	-270.877475
698	0.049707	75000	-0.135183	-271.012658
699	0.049295	75000	-0.135196	-271.147854
700	0.048885	75000	-0.134726	-271.282579
701	0.048478	75000	-0.134083	-271.416663
702	0.048072	75000	-0.134097	-271.550760
703	0.047668	75000	-0.133039	-271.683799
704	0.047267	75000	-0.132827	-271.816626
705	0.046867	75000	-0.132003	-271.948629
706	0.046470	75000	-0.132664	-272.081293
707	0.046074	75000	-0.132170	-272.213463
708	0.045681	75000	-0.130300	-272.343763
709	0.045289	75000	-0.130532	-272.474295
710	0.044900	75000	-0.130112	-272.604407
711	0.044512	75000	-0.128949	-272.733356
712	0.044127	75000	-0.129536	-272.862892
713	0.043744	75000	-0.128927	-272.991819
714	0.043362	75000	-0.128119	-273.119938
715	0.042983	75000	-0.127496	-273.247434
716	0.042606	75000	-0.126988	-273.374422
717	0.042230	75000	-0.126515	-273.500937
718	0.041857	75000	-0.126044	-273.626981
719	0.041485	75000	-0.126006	-273.752987
720	0.041116	75000	-0.125293	-273.878280
721	0.040749	75000	-0.124588	-274.002869
722	0.040383	75000	-0.123983	-274.126852
723	0.040020	75000	-0.123436	-274.250288
724	0.039658	75000	-0.123178	-274.373466
725	0.039299	75000	-0.122750	-274.496216
726	0.038941	75000	-0.122900	-274.619116
727	0.038585	75000	-0.122243	-274.741359
728	0.038232	75000	-0.121543	-274.862902
729	0.037880	75000	-0.120569	-274.983472
730	0.037530	75000	-0.120476	-275.103947
731	0.037182	75000	-0.120072	-275.224019
732	0.036836	75000	-0.119904	-275.343923
733	0.036493	75000	-0.118752	-275.462675
734	0.036151	75000	-0.118579	-275.581255
735	0.035810	75000	-0.118453	-275.699708
736	0.035472	75000	-0.118364	-275.818072
737	0.035136	75000	-0.116760	-275.934832
738	0.034802	75000	-0.116515	-276.051347
739	0.034469	75000	-0.116125	-276.167472
740	0.034139	75000	-0.116045	-276.283517
741	0.033810	75000	-0.114901	-276.398419
742	0.033484	75000	-0.114705	-276.513123
743	0.033159	75000	-0.114652	-276.627775
744	0.032836	75000	-0.113490	-276.741265
745	0.032515	75000	-0.113205	-276.854471
746	0.032196	75000	-0.112622	-276.967092
747	0.031879	75000	-0.112184	-277.079276
748	0.031563	75000	-0.111369	-277.190645
749	0.031250	75000	-0.111176	-277.301822
750	0.030938	75000	-0.110531	-277.412353
751	0.030629	75000	-0.110555	-277.522908
752	0.030321	75000	-0.109548	-277.632457
753	0.030015	75000	-0.109645	-277.742102
754	0.029711	75000	-0.109035	-277.851136
755	0.029409	75000	-0.107688	-277.958824
756	0.029108	75000	-0.108288	-278.067111
757	0.028810	75000	-0.107326	-278.174437
758	0.028513	75000	-0.106588	-278.281025
759	0.028218	75000	-0.106549	-278.387574
760	0.027925	75000	-0.105656	-278.493230
761	0.027634	75000	-0.105174	-278.598405
762	0.027345	75000	-0.104422	-278.702827
763	0.027057	75000	-0.104186	-278.807013
764	0.026771	75000	-0.103500	-278.910513
765	0.026487	75000	-0.103039	-279.013552
766	0.026205	75000	-0.102502	-279.116054
767	0.025925	75000	-0.101954	-279.218008
768	0.025647	75000	-0.101884	-279.319892
769	0.025370	75000	-0.101442	-279.421335
770	0.025095	75000	-0.100415	-279.521750
771	0.024822	75000	-0.100199	-279.621949
772	0.024551	75000	-0.099223	-279.721171
773	0.024281	75000	-0.099198	-279.820369
774	0.024014	75000	-0.098097	-279.918466
775	0.023748	75000	-0.098159	-280.016625
776	0.023483	75000	-0.097414	-280.114040
777	0.023221	75000	-0.096775	-280.210814
778	0.022960	75000	-0.095838	-280.306652
779	0.022702	75000	-0.095961	-280.402613
780	0.022445	75000	-0.094964	-280.497576
781	0.022189	75000	-0.094314	-280.591890
782	0.021936	75000	-0.094035	-280.685925
783	0.021684	75000	-0.093444	-280.779369
784	0.021434	75000	-0.092981	-280.872351
785	0.021185	75000	-0.092611	-280.964962
786	0.020939	75000	-0.091878	-281.056840
787	0.020694	75000	-0.091343	-281.148183
788	0.020451	75000	-0.090852	-281.239035
789	0.020209	75000	-0.090651	-281.329686
790	0.019969	75000	-0.089721	-281.419407
791	0.019731	75000	-0.089258	-281.508665
792	0.019495	75000	-0.088739	-281.597403
793	0.019261	75000	-0.088253	-281.685656
794	0.019028	75000	-0.087516	-281.773172
795	0.018796	75000	-0.087174	-281.860345
796	0.018567	75000	-0.086359	-281.946704
797	0.018339	75000	-0.085639	-282.032343
798	0.018113	75000	-0.084968	-282.117311
799	0.017889	75000	-0.084762	-282.202074
800	0.017666	75000	-0.084083	-282.286156
801	0.017445	75000	-0.083453	-282.369609
802	0.017225	75000	-0.083227	-282.452836
803	0.017007	75000	-0.082598	-282.535434
804	0.016791	75000	-0.081793	-282.617227
805	0.016577	75000	-0.081733	-282.698960
806	0.016364	75000	-0.080900	-282.779861
807	0.016153	75000	-0.080313	-282.860174
808	0.015943	75000	-0.079892	-282.940066
809	0.015736	75000	-0.079222	-283.019288
810	0.015529	75000	-0.078563	-283.097851
811	0.015325	75000	-0.078065	-283.175916
812	0.015122	75000	-0.077586	-283.253502
813	0.014920	75000	-0.077093	-283.330595
814	0.014721	75000	-0.076450	-283.407044
815	0.014523	75000	-0.075947	-283.482991
816	0.014326	75000	-0.075268	-283.558260
817	0.014131	75000	-0.074679	-283.632939
818	0.013938	75000	-0.074281	-283.707220
819	0.013746	75000	-0.073392	-283.780612
820	0.013556	75000	-0.073220	-283.853832
821	0.013367	75000	-0.072514	-283.926346
822	0.013181	75000	-0.072052	-283.998398
823	0.012995	75000	-0.071392	-284.069791
824	0.012811	75000	-0.070999	-284.140789
825	0.012629	75000	-0.070295	-284.211084
826	0.012448	75000	-0.069803	-284.280887
827	0.012269	75000	-0.069122	-284.350009
828	0.012092	75000	-0.068621	-284.418630
829	0.011916	75000	-0.068287	-284.486917
830	0.011741	75000	-0.067362	-284.554280
831	0.011568	75000	-0.066886	-284.621166
832	0.011397	75000	-0.066458	-284.687624
833	0.011227	75000	-0.065781	-284.753405
834	0.011059	75000	-0.065453	-284.818858
835	0.010892	75000	-0.064677	-284.883535
836	0.010727	75000	-0.064240	-284.947775
837	0.010563	75000	-0.063563	-285.011338
838	0.010401	75000	-0.063168	-285.074506
839	0.010240	75000	-0.062514	-285.137020
840	0.010081	75000	-0.062056	-285.199076
841	0.009923	75000	-0.061419	-285.260496
842	0.009767	75000	-0.060887	-285.321382
843	0.009612	75000	-0.060250	-285.381633
844	0.009459	75000	-0.059785	-285.441418
845	0.009307	75000	-0.059282	-285.500700
846	0.009156	75000	-0.058549	-285.559248
847	0.009008	75000	-0.058261	-285.617510
848	0.008860	75000	-0.057760	-285.675269
849	0.008714	75000	-0.057131	-285.732401
850	0.008570	75000	-0.056519	-285.788920
851	0.008427	75000	-0.056228	-285.845148
852	0.008285	75000	-0.055462	-285.900610
853	0.008145	75000	-0.054916	-285.955526
854	0.008006	75000	-0.054263	-286.009789
855	0.007869	75000	-0.053950	-286.063739
856	0.007733	75000	-0.053325	-286.117064
857	0.007598	75000	-0.052819	-286.169883
858	0.007465	75000	-0.052232	-286.222115
859	0.007334	75000	-0.051763	-286.273877
860	0.007203	75000	-0.051355	-286.325233
861	0.007075	75000	-0.050747	-286.375980
862	0.006947	75000	-0.050268	-286.426248
863	0.006821	75000	-0.049790	-286.476038
864	0.006696	75000	-0.049135	-286.525173
865	0.006573	75000	-0.048664	-286.573837
866	0.006451	75000	-0.048072	-286.621909
867	0.006330	75000	-0.047581	-286.669490
868	0.006211	75000	-0.047064	-286.716554
869	0.006093	75000	-0.046462	-286.763016
870	0.005977	75000	-0.045899	-286.808914
871	0.005862	75000	-0.045540	-286.854454
872	0.005748	75000	-0.045028	-286.899482
873	0.005635	75000	-0.044531	-286.944013
874	0.005524	75000	-0.044012	-286.988025
875	0.005414	75000	-0.043559	-287.031584
876	0.005306	75000	-0.042966	-287.074550
877	0.005199	75000	-0.042493	-287.117043
878	0.005093	75000	-0.041885	-287.158928
879	0.004988	75000	-0.041422	-287.200350
880	0.004885	75000	-0.041002	-287.241353
881	0.004783	75000	-0.040466	-287.281819
882	0.004682	75000	-0.039857	-287.321676
883	0.004583	75000	-0.039471	-287.361147
884	0.004485	75000	-0.038988	-287.400135
885	0.004388	75000	-0.038399	-287.438535
886	0.004292	75000	-0.038053	-287.476588
887	0.004198	75000	-0.037521	-287.514109
888	0.004105	75000	-0.036902	-287.551011
889	0.004013	75000	-0.036483	-287.587494
890	0.003923	75000	-0.036053	-287.623547
891	0.003833	75000	-0.035588	-287.659135
892	0.003745	75000	-0.035072	-287.694206
893	0.003658	75000	-0.034522	-287.728728
894	0.003573	75000	-0.034101	-287.762829
895	0.003488	75000	-0.033643	-287.796472
896	0.003405	75000	-0.033160	-287.829631
897	0.003323	75000	-0.032603	-287.862234
898	0.003242	75000	-0.032147	-287.894381
899	0.003162	75000	-0.031726	-287.926107
900	0.003084	75000	-0.031257	-287.957364
901	0.003007	75000	-0.030846	-287.988209
902	0.002930	75000	-0.030360	-288.018570
903	0.002855	75000	-0.029835	-288.048405
904	0.002782	75000	-0.029471	-288.077876
905	0.002709	75000	-0.028994	-288.106870
906	0.002638	75000	-0.028529	-288.135399
907	0.002567	75000	-0.028061	-288.163459
908	0.002498	75000	-0.027586	-288.191045
909	0.002430	75000	-0.027183	-288.218229
910	0.002363	75000	-0.026753	-288.244982
911	0.002297	75000	-0.026340	-288.271322
912	0.002233	75000	-0.025841	-288.297163
913	0.002169	75000	-0.025422	-288.322585
914	0.002106	75000	-0.024995	-288.347580
915	0.002045	75000	-0.024572	-288.372152
916	0.001985	75000	-0.024113	-288.396265
917	0.001925	75000	-0.023717	-288.419982
918	0.001867	75000	-0.023286	-288.443268
919	0.001810	75000	-0.022818	-288.466085
920	0.001754	75000	-0.022397	-288.488482
921	0.001699	75000	-0.022001	-288.510483
922	0.001645	75000	-0.021557	-288.532040
923	0.001592	75000	-0.021169	-288.553209
924	0.001540	75000	-0.020745	-288.573954
925	0.001490	75000	-0.020374	-288.594328
926	0.001440	75000	-0.019931	-288.614258
927	0.001391	75000	-0.019570	-288.633829
928	0.001343	75000	-0.019126	-288.652955
929	0.001296	75000	-0.018745	-288.671700
930	0.001251	75000	-0.018367	-288.690066
931	0.001206	75000	-0.017950	-288.708017
932	0.001162	75000	-0.017550	-288.725567
933	0.001119	75000	-0.017202	-288.742769
934	0.001077	75000	-0.016806	-288.759575
935	0.001036	75000	-0.016425	-288.775999
936	0.000996	75000	-0.016041	-288.792041
937	0.000957	75000	-0.015670	-288.807711
938	0.000919	75000	-0.015279	-288.822990
939	0.000882	75000	-0.014929	-288.837919
940	0.000846	75000	-0.014571	-288.852490
941	0.000810	75000	-0.014173	-288.866663
942	0.000776	75000	-0.013844	-288.880507
943	0.000742	75000	-0.013461	-288.893969
944	0.000709	75000	-0.013126	-288.907095
945	0.000678	75000	-0.012770	-288.919865
946	0.000647	75000	-0.012432	-288.932297
947	0.000617	75000	-0.012076	-288.944373
948	0.000587	75000	-0.011741	-288.956114
949	0.000559	75000	-0.011397	-288.967511
950	0.000531	75000	-0.011058	-288.978569
951	0.000505	75000	-0.010712	-288.989281
952	0.000479	75000	-0.010402	-288.999682
953	0.000454	75000	-0.010059	-289.009741
954	0.000430	75000	-0.009727	-289.019468
955	0.000406	75000	-0.009431	-289.028899
956	0.000383	75000	-0.009099	-289.037998
957	0.000362	75000	-0.008819	-289.046817
958	0.000340	75000	-0.008483	-289.055300
959	0.000320	75000	-0.008176	-289.063476
960	0.000300	75000	-0.007867	-289.071343
961	0.000281	75000	-0.007584	-289.078926
962	0.000263	75000	-0.007296	-289.086223
963	0.000246	75000	-0.007012	-289.093235
964	0.000229	75000	-0.006724	-289.099958
965	0.000213	75000	-0.006439	-289.106397
966	0.000198	75000	-0.006163	-289.112560
967	0.000183	75000	-0.005881	-289.118441
968	0.000169	75000	-0.005612	-289.124053
969	0.000156	75000	-0.005360	-289.129413
970	0.000143	75000	-0.005090	-289.134503
971	0.000131	75000	-0.004831	-289.139333
972	0.000120	75000	-0.004581	-289.143914
973	0.000109	75000	-0.004338	-289.148252
974	0.000099	75000	-0.004096	-289.152348
975	0.000089	75000	-0.003855	-289.156202
976	0.000080	75000	-0.003623	-289.159826
977	0.000072	75000	-0.003386	-289.163212
978	0.000064	75000	-0.003164	-289.166375
979	0.000057	75000	-0.002948	-289.169323
980	0.000050	75000	-0.002739	-289.172062
981	0.000043	75000	-0.002531	-289.174593
982	0.000038	75000	-0.002331	-289.176924
983	0.000032	75000	-0.002128	-289.179053
984	0.000028	75000	-0.001939	-289.180992
985	0.000023	75000	-0.001757	-289.182749
986	0.000019	75000	-0.001579	-289.184328
987	0.000016	75000	-0.001406	-289.185734
988	0.000013	75000	-0.001239	-289.186973
989	0.000010	75000	-0.001083	-289.188056
990	0.000008	75000	-0.000930	-289.188986
991	0.000006	75000	-0.000787	-289.189773
992	0.000004	75000	-0.000653	-289.190426
993	0.000003	75000	-0.000527	-289.190953
994	0.000002	75000	-0.000410	-289.191363
995	0.000001	75000	-0.000304	-289.191668
996	0.000000	75000	-0.000209	-289.191876
997	0.000000	75000	-0.000126	-289.192003
998	0.000000	75000	-0.000059	-289.192062
999	0.000000	75000	-0.000013	-289.192074
Log marginal likelihood:	-289.192074
