Steppingstone sampler:
        No Stones:                  1000
        Start It:                   10000001
        It Per Stone:               100000
        Sample Freq:                1
        Dist:                       Beta(0.400000,1.000000)
Stone No	Power	N	Stone MLh	Running MLh
0	0.997502	75000	-0.120163	-0.120163
1	0.995007	75000	-0.119927	-0.240090
2	0.992517	75000	-0.119830	-0.359920
3	0.990030	75000	-0.119647	-0.479567
4	0.987547	75000	-0.119569	-0.599136
5	0.985067	75000	-0.119314	-0.718450
6	0.982592	75000	-0.119274	-0.837725
7	0.980120	75000	-0.119010	-0.956735
8	0.977652	75000	-0.118835	-1.075570
9	0.975187	75000	-0.118791	-1.194361
10	0.972726	75000	-0.118558	-1.312919
11	0.970269	75000	-0.118424	-1.431342
12	0.967816	75000	-0.118275	-1.549618
13	0.965367	75000	-0.118044	-1.667662
14	0.962921	75000	-0.117760	-1.785422
15	0.960479	75000	-0.117744	-1.903166
16	0.958040	75000	-0.117613	-2.020779
17	0.955606	75000	-0.117410	-2.138189
18	0.953175	75000	-0.117307	-2.255496
19	0.950747	75000	-0.117142	-2.372638
20	0.948324	75000	-0.116715	-2.489352
21	0.945904	75000	-0.116808	-2.606160
22	0.943488	75000	-0.116694	-2.722854
23	0.941076	75000	-0.116490	-2.839344
24	0.938667	75000	-0.116182	-2.955526
25	0.936262	75000	-0.116046	-3.071572
26	0.933861	75000	-0.116010	-3.187583
27	0.931463	75000	-0.115705	-3.303288
28	0.929069	75000	-0.115431	-3.418719
29	0.926679	75000	-0.115376	-3.534095
30	0.924293	75000	-0.115183	-3.649278
31	0.921910	75000	-0.115061	-3.764339
32	0.919531	75000	-0.114789	-3.879128
33	0.917155	75000	-0.114857	-3.993985
34	0.914783	75000	-0.114684	-4.108669
35	0.912415	75000	-0.114374	-4.223043
36	0.910051	75000	-0.114335	-4.337378
37	0.907690	75000	-0.114042	-4.451420
38	0.905333	75000	-0.113858	-4.565278
39	0.902980	75000	-0.113801	-4.679079
40	0.900630	75000	-0.113535	-4.792614
41	0.898284	75000	-0.113428	-4.906042
42	0.895942	75000	-0.113279	-5.019321
43	0.893603	75000	-0.113087	-5.132408
44	0.891268	75000	-0.113017	-5.245425
45	0.888937	75000	-0.112712	-5.358137
46	0.886609	75000	-0.112693	-5.470830
47	0.884285	75000	-0.112509	-5.583339
48	0.881965	75000	-0.112349	-5.695688
49	0.879648	75000	-0.112158	-5.807847
50	0.877335	75000	-0.112074	-5.919921
51	0.875026	75000	-0.111831	-6.031752
52	0.872720	75000	-0.111667	-6.143420
53	0.870418	75000	-0.111443	-6.254863
54	0.868120	75000	-0.111394	-6.366257
55	0.865825	75000	-0.111167	-6.477424
56	0.863534	75000	-0.111113	-6.588537
57	0.861246	75000	-0.110869	-6.699405
58	0.858962	75000	-0.110722	-6.810128
59	0.856682	75000	-0.110678	-6.920805
60	0.854405	75000	-0.110416	-7.031222
61	0.852132	75000	-0.110226	-7.141447
62	0.849863	75000	-0.110100	-7.251547
63	0.847597	75000	-0.109834	-7.361381
64	0.845335	75000	-0.109733	-7.471114
65	0.843077	75000	-0.109389	-7.580504
66	0.840822	75000	-0.109351	-7.689854
67	0.838571	75000	-0.109206	-7.799060
68	0.836323	75000	-0.109185	-7.908245
69	0.834079	75000	-0.108830	-8.017075
70	0.831839	75000	-0.108794	-8.125870
71	0.829602	75000	-0.108582	-8.234451
72	0.827369	75000	-0.108512	-8.342964
73	0.825140	75000	-0.108227	-8.451190
74	0.822914	75000	-0.108011	-8.559201
75	0.820691	75000	-0.107984	-8.667185
76	0.818473	75000	-0.107797	-8.774983
77	0.816258	75000	-0.107731	-8.882714
78	0.814046	75000	-0.107609	-8.990322
79	0.811838	75000	-0.107271	-9.097594
80	0.809634	75000	-0.107211	-9.204805
81	0.807433	75000	-0.106972	-9.311777
82	0.805236	75000	-0.106828	-9.418604
83	0.803043	75000	-0.106685	-9.525289
84	0.800853	75000	-0.106532	-9.631822
85	0.798667	75000	-0.106340	-9.738161
86	0.796484	75000	-0.106347	-9.844508
87	0.794305	75000	-0.106009	-9.950517
88	0.792129	75000	-0.105964	-10.056481
89	0.789957	75000	-0.105912	-10.162392
90	0.787789	75000	-0.105554	-10.267946
91	0.785624	75000	-0.105483	-10.373429
92	0.783463	75000	-0.105342	-10.478772
93	0.781305	75000	-0.105162	-10.583933
94	0.779151	75000	-0.104861	-10.688794
95	0.777000	75000	-0.104690	-10.793484
96	0.774853	75000	-0.104465	-10.897949
97	0.772710	75000	-0.104565	-11.002514
98	0.770570	75000	-0.104268	-11.106782
99	0.768433	75000	-0.104067	-11.210850
100	0.766301	75000	-0.104011	-11.314861
101	0.764172	75000	-0.103760	-11.418620
102	0.762046	75000	-0.103647	-11.522267
103	0.759924	75000	-0.103478	-11.625745
104	0.757805	75000	-0.103338	-11.729083
105	0.755690	75000	-0.103319	-11.832402
106	0.753579	75000	-0.103001	-11.935403
107	0.751471	75000	-0.102900	-12.038303
108	0.749366	75000	-0.102887	-12.141191
109	0.747266	75000	-0.102519	-12.243710
110	0.745168	75000	-0.102497	-12.346207
111	0.743075	75000	-0.102330	-12.448537
112	0.740984	75000	-0.102248	-12.550785
113	0.738898	75000	-0.101879	-12.652664
114	0.736815	75000	-0.101739	-12.754403
115	0.734735	75000	-0.101506	-12.855908
116	0.732659	75000	-0.101447	-12.957355
117	0.730586	75000	-0.101498	-13.058853
118	0.728517	75000	-0.101085	-13.159938
119	0.726452	75000	-0.101213	-13.261151
120	0.724390	75000	-0.100786	-13.361937
121	0.722331	75000	-0.100704	-13.462641
122	0.720276	75000	-0.100538	-13.563179
123	0.718225	75000	-0.100575	-13.663754
124	0.716177	75000	-0.100269	-13.764023
125	0.714132	75000	-0.100174	-13.864197
126	0.712091	75000	-0.099854	-13.964051
127	0.710054	75000	-0.099817	-14.063867
128	0.708020	75000	-0.099674	-14.163541
129	0.705989	75000	-0.099296	-14.262838
130	0.703962	75000	-0.099319	-14.362156
131	0.701939	75000	-0.099209	-14.461366
132	0.699919	75000	-0.099060	-14.560426
133	0.697902	75000	-0.098858	-14.659283
134	0.695889	75000	-0.098770	-14.758053
135	0.693880	75000	-0.098700	-14.856753
136	0.691874	75000	-0.098502	-14.955255
137	0.689871	75000	-0.098324	-15.053580
138	0.687872	75000	-0.098257	-15.151837
139	0.685877	75000	-0.097941	-15.249778
140	0.683885	75000	-0.097948	-15.347725
141	0.681896	75000	-0.097674	-15.445399
142	0.679911	75000	-0.097428	-15.542827
143	0.677929	75000	-0.097306	-15.640133
144	0.675951	75000	-0.097318	-15.737451
145	0.673976	75000	-0.097094	-15.834545
146	0.672005	75000	-0.096800	-15.931345
147	0.670037	75000	-0.096849	-16.028194
148	0.668073	75000	-0.096548	-16.124742
149	0.666112	75000	-0.096439	-16.221181
150	0.664155	75000	-0.096388	-16.317569
151	0.662201	75000	-0.096058	-16.413627
152	0.660250	75000	-0.096031	-16.509658
153	0.658303	75000	-0.095694	-16.605352
154	0.656359	75000	-0.095695	-16.701047
155	0.654419	75000	-0.095544	-16.796591
156	0.652483	75000	-0.095357	-16.891947
157	0.650549	75000	-0.095271	-16.987219
158	0.648619	75000	-0.095152	-17.082370
159	0.646693	75000	-0.094867	-17.177238
160	0.644770	75000	-0.094856	-17.272094
161	0.642851	75000	-0.094728	-17.366822
162	0.640934	75000	-0.094528	-17.461350
163	0.639022	75000	-0.094286	-17.555636
164	0.637113	75000	-0.094137	-17.649774
165	0.635207	75000	-0.093983	-17.743757
166	0.633304	75000	-0.094000	-17.837757
167	0.631405	75000	-0.093787	-17.931544
168	0.629510	75000	-0.093610	-18.025155
169	0.627618	75000	-0.093485	-18.118640
170	0.625729	75000	-0.093308	-18.211947
171	0.623844	75000	-0.093246	-18.305193
172	0.621962	75000	-0.093017	-18.398210
173	0.620083	75000	-0.093017	-18.491227
174	0.618208	75000	-0.092643	-18.583870
175	0.616337	75000	-0.092680	-18.676550
176	0.614468	75000	-0.092617	-18.769167
177	0.612604	75000	-0.092268	-18.861435
178	0.610742	75000	-0.092155	-18.953590
179	0.608884	75000	-0.092095	-19.045686
180	0.607029	75000	-0.091853	-19.137539
181	0.605178	75000	-0.091636	-19.229175
182	0.603330	75000	-0.091415	-19.320590
183	0.601486	75000	-0.091362	-19.411952
184	0.599645	75000	-0.091105	-19.503058
185	0.597807	75000	-0.091023	-19.594081
186	0.595973	75000	-0.090983	-19.685064
187	0.594142	75000	-0.090770	-19.775833
188	0.592314	75000	-0.090634	-19.866468
189	0.590490	75000	-0.090526	-19.956994
190	0.588669	75000	-0.090433	-20.047427
191	0.586852	75000	-0.090335	-20.137762
192	0.585038	75000	-0.090171	-20.227933
193	0.583227	75000	-0.089989	-20.317923
194	0.581420	75000	-0.089894	-20.407816
195	0.579616	75000	-0.089743	-20.497559
196	0.577815	75000	-0.089519	-20.587078
197	0.576018	75000	-0.089333	-20.676411
198	0.574224	75000	-0.089145	-20.765555
199	0.572433	75000	-0.089031	-20.854587
200	0.570646	75000	-0.088840	-20.943427
201	0.568862	75000	-0.088786	-21.032212
202	0.567082	75000	-0.088733	-21.120945
203	0.565305	75000	-0.088407	-21.209352
204	0.563531	75000	-0.088330	-21.297682
205	0.561761	75000	-0.088121	-21.385803
206	0.559993	75000	-0.088042	-21.473846
207	0.558230	75000	-0.087950	-21.561795
208	0.556469	75000	-0.087740	-21.649535
209	0.554712	75000	-0.087556	-21.737091
210	0.552958	75000	-0.087561	-21.824652
211	0.551208	75000	-0.087370	-21.912022
212	0.549461	75000	-0.087237	-21.999259
213	0.547717	75000	-0.087021	-22.086281
214	0.545977	75000	-0.086769	-22.173050
215	0.544240	75000	-0.086875	-22.259925
216	0.542506	75000	-0.086603	-22.346527
217	0.540775	75000	-0.086452	-22.432980
218	0.539048	75000	-0.086461	-22.519440
219	0.537324	75000	-0.086323	-22.605764
220	0.535604	75000	-0.086235	-22.691998
221	0.533887	75000	-0.086007	-22.778006
222	0.532173	75000	-0.085751	-22.863757
223	0.530462	75000	-0.085732	-22.949489
224	0.528755	75000	-0.085416	-23.034904
225	0.527051	75000	-0.085253	-23.120158
226	0.525350	75000	-0.085121	-23.205279
227	0.523653	75000	-0.085006	-23.290285
228	0.521958	75000	-0.084890	-23.375175
229	0.520268	75000	-0.084769	-23.459944
230	0.518580	75000	-0.084650	-23.544594
231	0.516896	75000	-0.084331	-23.628925
232	0.515215	75000	-0.084355	-23.713280
233	0.513537	75000	-0.084243	-23.797523
234	0.511863	75000	-0.083941	-23.881464
235	0.510192	75000	-0.083961	-23.965425
236	0.508524	75000	-0.083789	-24.049214
237	0.506859	75000	-0.083663	-24.132876
238	0.505198	75000	-0.083350	-24.216226
239	0.503540	75000	-0.083479	-24.299705
240	0.501885	75000	-0.083193	-24.382898
241	0.500234	75000	-0.083094	-24.465992
242	0.498586	75000	-0.083033	-24.549025
243	0.496941	75000	-0.082804	-24.631828
244	0.495299	75000	-0.082597	-24.714426
245	0.493660	75000	-0.082621	-24.797047
246	0.492025	75000	-0.082608	-24.879655
247	0.490393	75000	-0.082505	-24.962159
248	0.488765	75000	-0.082035	-25.044194
249	0.487139	75000	-0.082038	-25.126232
250	0.485517	75000	-0.082005	-25.208238
251	0.483898	75000	-0.081858	-25.290096
252	0.482283	75000	-0.081637	-25.371733
253	0.480670	75000	-0.081690	-25.453423
254	0.479061	75000	-0.081560	-25.534982
255	0.477455	75000	-0.081399	-25.616382
256	0.475852	75000	-0.081236	-25.697618
257	0.474253	75000	-0.080992	-25.778610
258	0.472656	75000	-0.080980	-25.859590
259	0.471063	75000	-0.080638	-25.940229
260	0.469474	75000	-0.080740	-26.020969
261	0.467887	75000	-0.080764	-26.101733
262	0.466304	75000	-0.080408	-26.182141
263	0.464723	75000	-0.080260	-26.262401
264	0.463146	75000	-0.080210	-26.342612
265	0.461573	75000	-0.079931	-26.422543
266	0.460002	75000	-0.079677	-26.502219
267	0.458435	75000	-0.079622	-26.581841
268	0.456871	75000	-0.079493	-26.661335
269	0.455310	75000	-0.079354	-26.740689
270	0.453752	75000	-0.079299	-26.819988
271	0.452198	75000	-0.079205	-26.899192
272	0.450647	75000	-0.079125	-26.978318
273	0.449098	75000	-0.078902	-27.057219
274	0.447554	75000	-0.078678	-27.135898
275	0.446012	75000	-0.078599	-27.214497
276	0.444473	75000	-0.078321	-27.292818
277	0.442938	75000	-0.078495	-27.371313
278	0.441406	75000	-0.078247	-27.449560
279	0.439877	75000	-0.077948	-27.527508
280	0.438351	75000	-0.078180	-27.605688
281	0.436829	75000	-0.077886	-27.683574
282	0.435309	75000	-0.077605	-27.761179
283	0.433793	75000	-0.077559	-27.838738
284	0.432280	75000	-0.077546	-27.916284
285	0.430770	75000	-0.077265	-27.993549
286	0.429263	75000	-0.077314	-28.070863
287	0.427760	75000	-0.076904	-28.147767
288	0.426259	75000	-0.076988	-28.224755
289	0.424762	75000	-0.076837	-28.301591
290	0.423268	75000	-0.076732	-28.378324
291	0.421777	75000	-0.076670	-28.454994
292	0.420289	75000	-0.076417	-28.531411
293	0.418805	75000	-0.076521	-28.607932
294	0.417323	75000	-0.076259	-28.684191
295	0.415845	75000	-0.076026	-28.760217
296	0.414370	75000	-0.076060	-28.836277
297	0.412898	75000	-0.075999	-28.912276
298	0.411429	75000	-0.075479	-28.987755
299	0.409963	75000	-0.075365	-29.063120
300	0.408501	75000	-0.075746	-29.138866
301	0.407041	75000	-0.075269	-29.214135
302	0.405585	75000	-0.075655	-29.289790
303	0.404132	75000	-0.075245	-29.365034
304	0.402682	75000	-0.074859	-29.439894
305	0.401235	75000	-0.075134	-29.515028
306	0.399791	75000	-0.074739	-29.589767
307	0.398350	75000	-0.074836	-29.664603
308	0.396913	75000	-0.074504	-29.739106
309	0.395478	75000	-0.074405	-29.813511
310	0.394047	75000	-0.074040	-29.887551
311	0.392619	75000	-0.074429	-29.961980
312	0.391194	75000	-0.073961	-30.035941
313	0.389772	75000	-0.073964	-30.109904
314	0.388353	75000	-0.073512	-30.183417
315	0.386937	75000	-0.073584	-30.257001
316	0.385524	75000	-0.073531	-30.330531
317	0.384115	75000	-0.073449	-30.403980
318	0.382708	75000	-0.073466	-30.477446
319	0.381305	75000	-0.073309	-30.550755
320	0.379904	75000	-0.073140	-30.623895
321	0.378507	75000	-0.073144	-30.697039
322	0.377113	75000	-0.072878	-30.769917
323	0.375722	75000	-0.072808	-30.842725
324	0.374334	75000	-0.072487	-30.915212
325	0.372949	75000	-0.072438	-30.987650
326	0.371567	75000	-0.072182	-31.059832
327	0.370189	75000	-0.072122	-31.131953
328	0.368813	75000	-0.071926	-31.203879
329	0.367440	75000	-0.072053	-31.275932
330	0.366071	75000	-0.072053	-31.347985
331	0.364705	75000	-0.071888	-31.419873
332	0.363341	75000	-0.071619	-31.491491
333	0.361981	75000	-0.071360	-31.562851
334	0.360624	75000	-0.071736	-31.634587
335	0.359269	75000	-0.071297	-31.705884
336	0.357918	75000	-0.070864	-31.776748
337	0.356570	75000	-0.071229	-31.847977
338	0.355225	75000	-0.071189	-31.919166
339	0.353883	75000	-0.071029	-31.990195
340	0.352544	75000	-0.070826	-32.061021
341	0.351208	75000	-0.070994	-32.132015
342	0.349875	75000	-0.070296	-32.202311
343	0.348546	75000	-0.070394	-32.272705
344	0.347219	75000	-0.069855	-32.342560
345	0.345895	75000	-0.070223	-32.412784
346	0.344574	75000	-0.070128	-32.482911
347	0.343257	75000	-0.070123	-32.553035
348	0.341942	75000	-0.069818	-32.622853
349	0.340630	75000	-0.069823	-32.692676
350	0.339322	75000	-0.069822	-32.762498
351	0.338016	75000	-0.070396	-32.832894
352	0.336714	75000	-0.069735	-32.902629
353	0.335414	75000	-0.069568	-32.972197
354	0.334118	75000	-0.069297	-33.041493
355	0.332824	75000	-0.069139	-33.110632
356	0.331534	75000	-0.069056	-33.179688
357	0.330246	75000	-0.068999	-33.248686
358	0.328962	75000	-0.069043	-33.317730
359	0.327680	75000	-0.068940	-33.386670
360	0.326401	75000	-0.068557	-33.455226
361	0.325126	75000	-0.069142	-33.524368
362	0.323853	75000	-0.068520	-33.592889
363	0.322584	75000	-0.068341	-33.661229
364	0.321317	75000	-0.068427	-33.729657
365	0.320054	75000	-0.068375	-33.798032
366	0.318793	75000	-0.067873	-33.865905
367	0.317536	75000	-0.067826	-33.933731
368	0.316281	75000	-0.068040	-34.001771
369	0.315030	75000	-0.067521	-34.069292
370	0.313781	75000	-0.067686	-34.136979
371	0.312535	75000	-0.067525	-34.204504
372	0.311293	75000	-0.067896	-34.272399
373	0.310053	75000	-0.067224	-34.339623
374	0.308816	75000	-0.067459	-34.407082
375	0.307582	75000	-0.067077	-34.474160
376	0.306352	75000	-0.067462	-34.541621
377	0.305124	75000	-0.067178	-34.608799
378	0.303899	75000	-0.067119	-34.675918
379	0.302677	75000	-0.067023	-34.742941
380	0.301458	75000	-0.066960	-34.809901
381	0.300242	75000	-0.066709	-34.876609
382	0.299029	75000	-0.067044	-34.943654
383	0.297819	75000	-0.066671	-35.010324
384	0.296611	75000	-0.066429	-35.076753
385	0.295407	75000	-0.066744	-35.143497
386	0.294206	75000	-0.066088	-35.209585
387	0.293007	75000	-0.066038	-35.275624
388	0.291812	75000	-0.066014	-35.341638
389	0.290619	75000	-0.066044	-35.407682
390	0.289430	75000	-0.066342	-35.474024
391	0.288243	75000	-0.065699	-35.539722
392	0.287059	75000	-0.066150	-35.605872
393	0.285879	75000	-0.065733	-35.671605
394	0.284701	75000	-0.065965	-35.737571
395	0.283526	75000	-0.065328	-35.802898
396	0.282354	75000	-0.065710	-35.868608
397	0.281184	75000	-0.065444	-35.934053
398	0.280018	75000	-0.065175	-35.999227
399	0.278855	75000	-0.065482	-36.064709
400	0.277694	75000	-0.065621	-36.130329
401	0.276537	75000	-0.065480	-36.195809
402	0.275382	75000	-0.064646	-36.260455
403	0.274230	75000	-0.064709	-36.325164
404	0.273082	75000	-0.064964	-36.390128
405	0.271936	75000	-0.065702	-36.455830
406	0.270793	75000	-0.064928	-36.520758
407	0.269652	75000	-0.064768	-36.585526
408	0.268515	75000	-0.064473	-36.649999
409	0.267381	75000	-0.064451	-36.714450
410	0.266249	75000	-0.063943	-36.778393
411	0.265121	75000	-0.064551	-36.842944
412	0.263995	75000	-0.063868	-36.906813
413	0.262872	75000	-0.064139	-36.970951
414	0.261752	75000	-0.064118	-37.035069
415	0.260635	75000	-0.064442	-37.099511
416	0.259520	75000	-0.064106	-37.163617
417	0.258409	75000	-0.064588	-37.228205
418	0.257300	75000	-0.064382	-37.292586
419	0.256195	75000	-0.063396	-37.355983
420	0.255092	75000	-0.063462	-37.419445
421	0.253992	75000	-0.063421	-37.482865
422	0.252895	75000	-0.063537	-37.546402
423	0.251800	75000	-0.063983	-37.610386
424	0.250709	75000	-0.063200	-37.673586
425	0.249620	75000	-0.063374	-37.736960
426	0.248534	75000	-0.063658	-37.800617
427	0.247451	75000	-0.063827	-37.864444
428	0.246371	75000	-0.063277	-37.927722
429	0.245294	75000	-0.063192	-37.990914
430	0.244220	75000	-0.063032	-38.053946
431	0.243148	75000	-0.062840	-38.116786
432	0.242079	75000	-0.063065	-38.179851
433	0.241013	75000	-0.062502	-38.242353
434	0.239950	75000	-0.062523	-38.304876
435	0.238890	75000	-0.062681	-38.367557
436	0.237832	75000	-0.062557	-38.430114
437	0.236778	75000	-0.062242	-38.492356
438	0.235726	75000	-0.062524	-38.554880
439	0.234677	75000	-0.062535	-38.617415
440	0.233630	75000	-0.062548	-38.679963
441	0.232587	75000	-0.062332	-38.742295
442	0.231546	75000	-0.061895	-38.804190
443	0.230509	75000	-0.062410	-38.866600
444	0.229473	75000	-0.061921	-38.928521
445	0.228441	75000	-0.062737	-38.991258
446	0.227412	75000	-0.061882	-39.053139
447	0.226385	75000	-0.061738	-39.114878
448	0.225361	75000	-0.062231	-39.177109
449	0.224340	75000	-0.061594	-39.238703
450	0.223322	75000	-0.062010	-39.300713
451	0.222306	75000	-0.061949	-39.362662
452	0.221293	75000	-0.061908	-39.424570
453	0.220283	75000	-0.061864	-39.486434
454	0.219276	75000	-0.061700	-39.548134
455	0.218272	75000	-0.061497	-39.609630
456	0.217270	75000	-0.061725	-39.671356
457	0.216271	75000	-0.061110	-39.732466
458	0.215275	75000	-0.062464	-39.794930
459	0.214281	75000	-0.061135	-39.856065
460	0.213291	75000	-0.061541	-39.917606
461	0.212303	75000	-0.061388	-39.978994
462	0.211318	75000	-0.060945	-40.039939
463	0.210335	75000	-0.061068	-40.101008
464	0.209356	75000	-0.061602	-40.162610
465	0.208379	75000	-0.061726	-40.224336
466	0.207404	75000	-0.061225	-40.285561
467	0.206433	75000	-0.061425	-40.346986
468	0.205464	75000	-0.061201	-40.408187
469	0.204498	75000	-0.060955	-40.469143
470	0.203535	75000	-0.061399	-40.530542
471	0.202575	75000	-0.060694	-40.591236
472	0.201617	75000	-0.060393	-40.651629
473	0.200662	75000	-0.060192	-40.711821
474	0.199709	75000	-0.060673	-40.772494
475	0.198760	75000	-0.060158	-40.832651
476	0.197813	75000	-0.060215	-40.892866
477	0.196869	75000	-0.060583	-40.953448
478	0.195927	75000	-0.059858	-41.013307
479	0.194988	75000	-0.060011	-41.073318
480	0.194052	75000	-0.059964	-41.133282
481	0.193119	75000	-0.060210	-41.193491
482	0.192188	75000	-0.059785	-41.253276
483	0.191260	75000	-0.060278	-41.313554
484	0.190335	75000	-0.059925	-41.373479
485	0.189412	75000	-0.060173	-41.433652
486	0.188492	75000	-0.060112	-41.493764
487	0.187575	75000	-0.060047	-41.553811
488	0.186660	75000	-0.060110	-41.613921
489	0.185749	75000	-0.059767	-41.673689
490	0.184839	75000	-0.059816	-41.733505
491	0.183933	75000	-0.059821	-41.793326
492	0.183029	75000	-0.059897	-41.853223
493	0.182128	75000	-0.059284	-41.912508
494	0.181229	75000	-0.059468	-41.971976
495	0.180333	75000	-0.058443	-42.030419
496	0.179440	75000	-0.059623	-42.090042
497	0.178550	75000	-0.059369	-42.149411
498	0.177662	75000	-0.059815	-42.209226
499	0.176777	75000	-0.059476	-42.268702
500	0.175894	75000	-0.058878	-42.327581
501	0.175014	75000	-0.058645	-42.386226
502	0.174137	75000	-0.058616	-42.444841
503	0.173262	75000	-0.058674	-42.503516
504	0.172390	75000	-0.058288	-42.561803
505	0.171521	75000	-0.058487	-42.620290
506	0.170654	75000	-0.058430	-42.678720
507	0.169790	75000	-0.058640	-42.737361
508	0.168929	75000	-0.058143	-42.795503
509	0.168070	75000	-0.058659	-42.854162
510	0.167214	75000	-0.059004	-42.913166
511	0.166360	75000	-0.058422	-42.971589
512	0.165509	75000	-0.058397	-43.029985
513	0.164661	75000	-0.058140	-43.088125
514	0.163815	75000	-0.057795	-43.145921
515	0.162972	75000	-0.057621	-43.203541
516	0.162132	75000	-0.058050	-43.261591
517	0.161294	75000	-0.058181	-43.319772
518	0.160458	75000	-0.057834	-43.377606
519	0.159626	75000	-0.057513	-43.435119
520	0.158796	75000	-0.057296	-43.492415
521	0.157968	75000	-0.057210	-43.549625
522	0.157143	75000	-0.057134	-43.606760
523	0.156321	75000	-0.056977	-43.663737
524	0.155501	75000	-0.056516	-43.720253
525	0.154684	75000	-0.057131	-43.777384
526	0.153870	75000	-0.057082	-43.834466
527	0.153058	75000	-0.056645	-43.891110
528	0.152248	75000	-0.057143	-43.948254
529	0.151441	75000	-0.056996	-44.005250
530	0.150637	75000	-0.056716	-44.061966
531	0.149835	75000	-0.056402	-44.118368
532	0.149036	75000	-0.056145	-44.174513
533	0.148240	75000	-0.057204	-44.231716
534	0.147446	75000	-0.056060	-44.287776
535	0.146654	75000	-0.056052	-44.343828
536	0.145865	75000	-0.056501	-44.400329
537	0.145079	75000	-0.055964	-44.456293
538	0.144295	75000	-0.056182	-44.512475
539	0.143514	75000	-0.055809	-44.568284
540	0.142735	75000	-0.055617	-44.623901
541	0.141959	75000	-0.055673	-44.679573
542	0.141186	75000	-0.055477	-44.735051
543	0.140415	75000	-0.055500	-44.790550
544	0.139646	75000	-0.054660	-44.845210
545	0.138880	75000	-0.055250	-44.900460
546	0.138116	75000	-0.055201	-44.955661
547	0.137356	75000	-0.055003	-45.010665
548	0.136597	75000	-0.054948	-45.065612
549	0.135841	75000	-0.054493	-45.120106
550	0.135088	75000	-0.054514	-45.174620
551	0.134337	75000	-0.054106	-45.228726
552	0.133588	75000	-0.054247	-45.282973
553	0.132843	75000	-0.054036	-45.337009
554	0.132099	75000	-0.054295	-45.391305
555	0.131358	75000	-0.054084	-45.445388
556	0.130620	75000	-0.054289	-45.499677
557	0.129884	75000	-0.053695	-45.553372
558	0.129151	75000	-0.053711	-45.607083
559	0.128420	75000	-0.053119	-45.660202
560	0.127691	75000	-0.053307	-45.713509
561	0.126965	75000	-0.053556	-45.767065
562	0.126242	75000	-0.053399	-45.820464
563	0.125521	75000	-0.053268	-45.873733
564	0.124802	75000	-0.053052	-45.926784
565	0.124086	75000	-0.053327	-45.980112
566	0.123373	75000	-0.052795	-46.032907
567	0.122662	75000	-0.052447	-46.085354
568	0.121953	75000	-0.052196	-46.137550
569	0.121247	75000	-0.052386	-46.189936
570	0.120543	75000	-0.052027	-46.241964
571	0.119842	75000	-0.052144	-46.294108
572	0.119143	75000	-0.052260	-46.346368
573	0.118447	75000	-0.051792	-46.398160
574	0.117753	75000	-0.052484	-46.450643
575	0.117062	75000	-0.051638	-46.502282
576	0.116373	75000	-0.051360	-46.553642
577	0.115686	75000	-0.051256	-46.604898
578	0.115002	75000	-0.051319	-46.656218
579	0.114320	75000	-0.051338	-46.707556
580	0.113641	75000	-0.051044	-46.758600
581	0.112964	75000	-0.050963	-46.809563
582	0.112290	75000	-0.051192	-46.860755
583	0.111618	75000	-0.050688	-46.911443
584	0.110948	75000	-0.050504	-46.961947
585	0.110281	75000	-0.050292	-47.012239
586	0.109616	75000	-0.049981	-47.062221
587	0.108954	75000	-0.050257	-47.112478
588	0.108294	75000	-0.050036	-47.162514
589	0.107637	75000	-0.049923	-47.212437
590	0.106981	75000	-0.049530	-47.261966
591	0.106329	75000	-0.049668	-47.311635
592	0.105678	75000	-0.049795	-47.361429
593	0.105030	75000	-0.049543	-47.410972
594	0.104385	75000	-0.049246	-47.460218
595	0.103742	75000	-0.049053	-47.509271
596	0.103101	75000	-0.049095	-47.558366
597	0.102463	75000	-0.048840	-47.607206
598	0.101827	75000	-0.048529	-47.655735
599	0.101193	75000	-0.048477	-47.704212
600	0.100562	75000	-0.048161	-47.752373
601	0.099933	75000	-0.048381	-47.800755
602	0.099306	75000	-0.048028	-47.848783
603	0.098682	75000	-0.048261	-47.897043
604	0.098060	75000	-0.047871	-47.944914
605	0.097441	75000	-0.047697	-47.992611
606	0.096824	75000	-0.047344	-48.039954
607	0.096209	75000	-0.047812	-48.087767
608	0.095596	75000	-0.047252	-48.135019
609	0.094986	75000	-0.047272	-48.182291
610	0.094379	75000	-0.046886	-48.229177
611	0.093773	75000	-0.046486	-48.275663
612	0.093170	75000	-0.046634	-48.322297
613	0.092570	75000	-0.046641	-48.368938
614	0.091971	75000	-0.046321	-48.415259
615	0.091375	75000	-0.046155	-48.461414
616	0.090781	75000	-0.045977	-48.507391
617	0.090190	75000	-0.046034	-48.553425
618	0.089601	75000	-0.045846	-48.599272
619	0.089014	75000	-0.045686	-48.644958
620	0.088430	75000	-0.045457	-48.690415
621	0.087848	75000	-0.045142	-48.735557
622	0.087268	75000	-0.044991	-48.780548
623	0.086690	75000	-0.045020	-48.825568
624	0.086115	75000	-0.044902	-48.870470
625	0.085542	75000	-0.044755	-48.915225
626	0.084971	75000	-0.044559	-48.959784
627	0.084403	75000	-0.044793	-49.004577
628	0.083837	75000	-0.044447	-49.049024
629	0.083273	75000	-0.044076	-49.093101
630	0.082712	75000	-0.043873	-49.136974
631	0.082152	75000	-0.043623	-49.180597
632	0.081595	75000	-0.043426	-49.224023
633	0.081041	75000	-0.043750	-49.267773
634	0.080488	75000	-0.043505	-49.311277
635	0.079938	75000	-0.043370	-49.354648
636	0.079390	75000	-0.043197	-49.397845
637	0.078845	75000	-0.042730	-49.440575
638	0.078301	75000	-0.042767	-49.483342
639	0.077760	75000	-0.042478	-49.525820
640	0.077221	75000	-0.042507	-49.568326
641	0.076684	75000	-0.042146	-49.610472
642	0.076150	75000	-0.042118	-49.652590
643	0.075618	75000	-0.041948	-49.694538
644	0.075088	75000	-0.041896	-49.736434
645	0.074560	75000	-0.041473	-49.777907
646	0.074035	75000	-0.041673	-49.819581
647	0.073512	75000	-0.041377	-49.860957
648	0.072991	75000	-0.041216	-49.902174
649	0.072472	75000	-0.040903	-49.943076
650	0.071955	75000	-0.040980	-49.984057
651	0.071441	75000	-0.040708	-50.024765
652	0.070929	75000	-0.040794	-50.065559
653	0.070419	75000	-0.040513	-50.106072
654	0.069911	75000	-0.040469	-50.146541
655	0.069406	75000	-0.040188	-50.186729
656	0.068903	75000	-0.040062	-50.226791
657	0.068401	75000	-0.039954	-50.266745
658	0.067903	75000	-0.039718	-50.306463
659	0.067406	75000	-0.039550	-50.346013
660	0.066911	75000	-0.039396	-50.385409
661	0.066419	75000	-0.039238	-50.424647
662	0.065929	75000	-0.039116	-50.463763
663	0.065441	75000	-0.038962	-50.502725
664	0.064955	75000	-0.038740	-50.541466
665	0.064471	75000	-0.038654	-50.580120
666	0.063990	75000	-0.038621	-50.618740
667	0.063510	75000	-0.038323	-50.657063
668	0.063033	75000	-0.038155	-50.695218
669	0.062558	75000	-0.038116	-50.733334
670	0.062085	75000	-0.037857	-50.771192
671	0.061615	75000	-0.037796	-50.808987
672	0.061146	75000	-0.037498	-50.846486
673	0.060680	75000	-0.037431	-50.883916
674	0.060216	75000	-0.037153	-50.921069
675	0.059753	75000	-0.037025	-50.958094
676	0.059293	75000	-0.037067	-50.995160
677	0.058836	75000	-0.036763	-51.031923
678	0.058380	75000	-0.036646	-51.068569
679	0.057926	75000	-0.036246	-51.104815
680	0.057475	75000	-0.036280	-51.141095
681	0.057025	75000	-0.036115	-51.177210
682	0.056578	75000	-0.035946	-51.213156
683	0.056133	75000	-0.035898	-51.249054
684	0.055690	75000	-0.035723	-51.284777
685	0.055249	75000	-0.035571	-51.320348
686	0.054810	75000	-0.035308	-51.355655
687	0.054373	75000	-0.035261	-51.390916
688	0.053939	75000	-0.035012	-51.425928
689	0.053506	75000	-0.034965	-51.460894
690	0.053076	75000	-0.034767	-51.495661
691	0.052647	75000	-0.034611	-51.530272
692	0.052221	75000	-0.034554	-51.564826
693	0.051797	75000	-0.034260	-51.599087
694	0.051375	75000	-0.034127	-51.633214
695	0.050955	75000	-0.033902	-51.667116
696	0.050537	75000	-0.033791	-51.700907
697	0.050121	75000	-0.033758	-51.734665
698	0.049707	75000	-0.033469	-51.768133
699	0.049295	75000	-0.033363	-51.801496
700	0.048885	75000	-0.033155	-51.834651
701	0.048478	75000	-0.033077	-51.867728
702	0.048072	75000	-0.032848	-51.900577
703	0.047668	75000	-0.032689	-51.933266
704	0.047267	75000	-0.032585	-51.965850
705	0.046867	75000	-0.032361	-51.998212
706	0.046470	75000	-0.032180	-52.030392
707	0.046074	75000	-0.032106	-52.062498
708	0.045681	75000	-0.032039	-52.094537
709	0.045289	75000	-0.031765	-52.126302
710	0.044900	75000	-0.031711	-52.158013
711	0.044512	75000	-0.031421	-52.189434
712	0.044127	75000	-0.031288	-52.220722
713	0.043744	75000	-0.031220	-52.251942
714	0.043362	75000	-0.031019	-52.282961
715	0.042983	75000	-0.030840	-52.313801
716	0.042606	75000	-0.030689	-52.344489
717	0.042230	75000	-0.030498	-52.374987
718	0.041857	75000	-0.030459	-52.405446
719	0.041485	75000	-0.030273	-52.435719
720	0.041116	75000	-0.030101	-52.465820
721	0.040749	75000	-0.029893	-52.495712
722	0.040383	75000	-0.029766	-52.525479
723	0.040020	75000	-0.029780	-52.555258
724	0.039658	75000	-0.029438	-52.584697
725	0.039299	75000	-0.029326	-52.614023
726	0.038941	75000	-0.029206	-52.643229
727	0.038585	75000	-0.028932	-52.672161
728	0.038232	75000	-0.028939	-52.701100
729	0.037880	75000	-0.028761	-52.729861
730	0.037530	75000	-0.028625	-52.758486
731	0.037182	75000	-0.028397	-52.786884
732	0.036836	75000	-0.028250	-52.815133
733	0.036493	75000	-0.028127	-52.843260
734	0.036151	75000	-0.028004	-52.871265
735	0.035810	75000	-0.027787	-52.899052
736	0.035472	75000	-0.027642	-52.926694
737	0.035136	75000	-0.027542	-52.954236
738	0.034802	75000	-0.027303	-52.981539
739	0.034469	75000	-0.027201	-53.008740
740	0.034139	75000	-0.027025	-53.035765
741	0.033810	75000	-0.026979	-53.062744
742	0.033484	75000	-0.026727	-53.089471
743	0.033159	75000	-0.026597	-53.116069
744	0.032836	75000	-0.026455	-53.142524
745	0.032515	75000	-0.026286	-53.168810
746	0.032196	75000	-0.026129	-53.194938
747	0.031879	75000	-0.026026	-53.220964
748	0.031563	75000	-0.025827	-53.246792
749	0.031250	75000	-0.025677	-53.272469
750	0.030938	75000	-0.025517	-53.297985
751	0.030629	75000	-0.025414	-53.323399
752	0.030321	75000	-0.025262	-53.348661
753	0.030015	75000	-0.025110	-53.373771
754	0.029711	75000	-0.024971	-53.398742
755	0.029409	75000	-0.024803	-53.423545
756	0.029108	75000	-0.024632	-53.448177
757	0.028810	75000	-0.024544	-53.472721
758	0.028513	75000	-0.024380	-53.497101
759	0.028218	75000	-0.024209	-53.521311
760	0.027925	75000	-0.024068	-53.545379
761	0.027634	75000	-0.023895	-53.569274
762	0.027345	75000	-0.023804	-53.593078
763	0.027057	75000	-0.023680	-53.616758
764	0.026771	75000	-0.023497	-53.640256
765	0.026487	75000	-0.023317	-53.663573
766	0.026205	75000	-0.023215	-53.686788
767	0.025925	75000	-0.023058	-53.709847
768	0.025647	75000	-0.022910	-53.732756
769	0.025370	75000	-0.022846	-53.755602
770	0.025095	75000	-0.022692	-53.778294
771	0.024822	75000	-0.022453	-53.800748
772	0.024551	75000	-0.022331	-53.823079
773	0.024281	75000	-0.022256	-53.845335
774	0.024014	75000	-0.022053	-53.867388
775	0.023748	75000	-0.021949	-53.889337
776	0.023483	75000	-0.021820	-53.911157
777	0.023221	75000	-0.021649	-53.932806
778	0.022960	75000	-0.021517	-53.954322
779	0.022702	75000	-0.021358	-53.975680
780	0.022445	75000	-0.021267	-53.996947
781	0.022189	75000	-0.021062	-54.018009
782	0.021936	75000	-0.020912	-54.038921
783	0.021684	75000	-0.020804	-54.059724
784	0.021434	75000	-0.020611	-54.080336
785	0.021185	75000	-0.020530	-54.100866
786	0.020939	75000	-0.020405	-54.121271
787	0.020694	75000	-0.020257	-54.141528
788	0.020451	75000	-0.020115	-54.161642
789	0.020209	75000	-0.019929	-54.181571
790	0.019969	75000	-0.019763	-54.201334
791	0.019731	75000	-0.019668	-54.221002
792	0.019495	75000	-0.019533	-54.240535
793	0.019261	75000	-0.019402	-54.259938
794	0.019028	75000	-0.019245	-54.279182
795	0.018796	75000	-0.019109	-54.298291
796	0.018567	75000	-0.018971	-54.317262
797	0.018339	75000	-0.018833	-54.336095
798	0.018113	75000	-0.018721	-54.354816
799	0.017889	75000	-0.018546	-54.373362
800	0.017666	75000	-0.018429	-54.391791
801	0.017445	75000	-0.018300	-54.410090
802	0.017225	75000	-0.018145	-54.428235
803	0.017007	75000	-0.017988	-54.446224
804	0.016791	75000	-0.017922	-54.464145
805	0.016577	75000	-0.017754	-54.481900
806	0.016364	75000	-0.017593	-54.499493
807	0.016153	75000	-0.017499	-54.516992
808	0.015943	75000	-0.017380	-54.534372
809	0.015736	75000	-0.017227	-54.551599
810	0.015529	75000	-0.017096	-54.568695
811	0.015325	75000	-0.016933	-54.585628
812	0.015122	75000	-0.016778	-54.602406
813	0.014920	75000	-0.016678	-54.619084
814	0.014721	75000	-0.016549	-54.635632
815	0.014523	75000	-0.016446	-54.652078
816	0.014326	75000	-0.016296	-54.668374
817	0.014131	75000	-0.016169	-54.684543
818	0.013938	75000	-0.016020	-54.700563
819	0.013746	75000	-0.015867	-54.716430
820	0.013556	75000	-0.015719	-54.732150
821	0.013367	75000	-0.015633	-54.747783
822	0.013181	75000	-0.015481	-54.763264
823	0.012995	75000	-0.015356	-54.778620
824	0.012811	75000	-0.015266	-54.793887
825	0.012629	75000	-0.015110	-54.808997
826	0.012448	75000	-0.014995	-54.823991
827	0.012269	75000	-0.014844	-54.838835
828	0.012092	75000	-0.014712	-54.853547
829	0.011916	75000	-0.014635	-54.868183
830	0.011741	75000	-0.014477	-54.882660
831	0.011568	75000	-0.014341	-54.897001
832	0.011397	75000	-0.014243	-54.911243
833	0.011227	75000	-0.014095	-54.925338
834	0.011059	75000	-0.013974	-54.939312
835	0.010892	75000	-0.013837	-54.953149
836	0.010727	75000	-0.013677	-54.966825
837	0.010563	75000	-0.013634	-54.980459
838	0.010401	75000	-0.013492	-54.993951
839	0.010240	75000	-0.013324	-55.007275
840	0.010081	75000	-0.013228	-55.020503
841	0.009923	75000	-0.013109	-55.033613
842	0.009767	75000	-0.012972	-55.046585
843	0.009612	75000	-0.012850	-55.059434
844	0.009459	75000	-0.012743	-55.072178
845	0.009307	75000	-0.012590	-55.084768
846	0.009156	75000	-0.012499	-55.097267
847	0.009008	75000	-0.012383	-55.109650
848	0.008860	75000	-0.012252	-55.121903
849	0.008714	75000	-0.012126	-55.134028
850	0.008570	75000	-0.012002	-55.146030
851	0.008427	75000	-0.011907	-55.157937
852	0.008285	75000	-0.011798	-55.169735
853	0.008145	75000	-0.011661	-55.181396
854	0.008006	75000	-0.011544	-55.192940
855	0.007869	75000	-0.011435	-55.204375
856	0.007733	75000	-0.011279	-55.215653
857	0.007598	75000	-0.011183	-55.226837
858	0.007465	75000	-0.011049	-55.237886
859	0.007334	75000	-0.010950	-55.248836
860	0.007203	75000	-0.010838	-55.259674
861	0.007075	75000	-0.010735	-55.270409
862	0.006947	75000	-0.010607	-55.281016
863	0.006821	75000	-0.010511	-55.291527
864	0.006696	75000	-0.010370	-55.301897
865	0.006573	75000	-0.010268	-55.312166
866	0.006451	75000	-0.010144	-55.322310
867	0.006330	75000	-0.010034	-55.332344
868	0.006211	75000	-0.009932	-55.342276
869	0.006093	75000	-0.009818	-55.352094
870	0.005977	75000	-0.009691	-55.361785
871	0.005862	75000	-0.009575	-55.371359
872	0.005748	75000	-0.009473	-55.380832
873	0.005635	75000	-0.009370	-55.390203
874	0.005524	75000	-0.009258	-55.399461
875	0.005414	75000	-0.009149	-55.408610
876	0.005306	75000	-0.009040	-55.417650
877	0.005199	75000	-0.008936	-55.426586
878	0.005093	75000	-0.008822	-55.435408
879	0.004988	75000	-0.008706	-55.444113
880	0.004885	75000	-0.008599	-55.452712
881	0.004783	75000	-0.008501	-55.461213
882	0.004682	75000	-0.008391	-55.469604
883	0.004583	75000	-0.008293	-55.477897
884	0.004485	75000	-0.008171	-55.486068
885	0.004388	75000	-0.008078	-55.494146
886	0.004292	75000	-0.007974	-55.502120
887	0.004198	75000	-0.007857	-55.509976
888	0.004105	75000	-0.007755	-55.517732
889	0.004013	75000	-0.007654	-55.525385
890	0.003923	75000	-0.007534	-55.532919
891	0.003833	75000	-0.007454	-55.540373
892	0.003745	75000	-0.007347	-55.547720
893	0.003658	75000	-0.007260	-55.554979
894	0.003573	75000	-0.007161	-55.562140
895	0.003488	75000	-0.007044	-55.569184
896	0.003405	75000	-0.006950	-55.576134
897	0.003323	75000	-0.006846	-55.582980
898	0.003242	75000	-0.006753	-55.589733
899	0.003162	75000	-0.006641	-55.596374
900	0.003084	75000	-0.006536	-55.602910
901	0.003007	75000	-0.006435	-55.609346
902	0.002930	75000	-0.006349	-55.615695
903	0.002855	75000	-0.006251	-55.621946
904	0.002782	75000	-0.006156	-55.628101
905	0.002709	75000	-0.006067	-55.634169
906	0.002638	75000	-0.005965	-55.640134
907	0.002567	75000	-0.005863	-55.645997
908	0.002498	75000	-0.005776	-55.651773
909	0.002430	75000	-0.005683	-55.657456
910	0.002363	75000	-0.005592	-55.663048
911	0.002297	75000	-0.005484	-55.668532
912	0.002233	75000	-0.005399	-55.673931
913	0.002169	75000	-0.005304	-55.679235
914	0.002106	75000	-0.005208	-55.684442
915	0.002045	75000	-0.005129	-55.689572
916	0.001985	75000	-0.005034	-55.694606
917	0.001925	75000	-0.004942	-55.699548
918	0.001867	75000	-0.004859	-55.704407
919	0.001810	75000	-0.004767	-55.709174
920	0.001754	75000	-0.004677	-55.713851
921	0.001699	75000	-0.004584	-55.718435
922	0.001645	75000	-0.004504	-55.722939
923	0.001592	75000	-0.004417	-55.727356
924	0.001540	75000	-0.004321	-55.731677
925	0.001490	75000	-0.004238	-55.735915
926	0.001440	75000	-0.004158	-55.740073
927	0.001391	75000	-0.004071	-55.744144
928	0.001343	75000	-0.003994	-55.748138
929	0.001296	75000	-0.003903	-55.752041
930	0.001251	75000	-0.003825	-55.755866
931	0.001206	75000	-0.003753	-55.759618
932	0.001162	75000	-0.003656	-55.763275
933	0.001119	75000	-0.003578	-55.766853
934	0.001077	75000	-0.003497	-55.770349
935	0.001036	75000	-0.003418	-55.773767
936	0.000996	75000	-0.003336	-55.777104
937	0.000957	75000	-0.003259	-55.780363
938	0.000919	75000	-0.003185	-55.783548
939	0.000882	75000	-0.003104	-55.786652
940	0.000846	75000	-0.003028	-55.789680
941	0.000810	75000	-0.002951	-55.792631
942	0.000776	75000	-0.002877	-55.795508
943	0.000742	75000	-0.002809	-55.798317
944	0.000709	75000	-0.002727	-55.801044
945	0.000678	75000	-0.002658	-55.803701
946	0.000647	75000	-0.002578	-55.806280
947	0.000617	75000	-0.002515	-55.808795
948	0.000587	75000	-0.002437	-55.811232
949	0.000559	75000	-0.002370	-55.813601
950	0.000531	75000	-0.002301	-55.815903
951	0.000505	75000	-0.002233	-55.818135
952	0.000479	75000	-0.002158	-55.820293
953	0.000454	75000	-0.002091	-55.822385
954	0.000430	75000	-0.002020	-55.824405
955	0.000406	75000	-0.001956	-55.826361
956	0.000383	75000	-0.001892	-55.828253
957	0.000362	75000	-0.001831	-55.830084
958	0.000340	75000	-0.001765	-55.831849
959	0.000320	75000	-0.001702	-55.833550
960	0.000300	75000	-0.001640	-55.835190
961	0.000281	75000	-0.001574	-55.836764
962	0.000263	75000	-0.001514	-55.838278
963	0.000246	75000	-0.001458	-55.839736
964	0.000229	75000	-0.001395	-55.841131
965	0.000213	75000	-0.001333	-55.842465
966	0.000198	75000	-0.001279	-55.843744
967	0.000183	75000	-0.001224	-55.844968
968	0.000169	75000	-0.001167	-55.846135
969	0.000156	75000	-0.001111	-55.847247
970	0.000143	75000	-0.001059	-55.848305
971	0.000131	75000	-0.001006	-55.849311
972	0.000120	75000	-0.000953	-55.850265
973	0.000109	75000	-0.000902	-55.851167
974	0.000099	75000	-0.000850	-55.852017
975	0.000089	75000	-0.000801	-55.852817
976	0.000080	75000	-0.000752	-55.853569
977	0.000072	75000	-0.000705	-55.854275
978	0.000064	75000	-0.000659	-55.854933
979	0.000057	75000	-0.000613	-55.855546
980	0.000050	75000	-0.000569	-55.856115
981	0.000043	75000	-0.000525	-55.856640
982	0.000038	75000	-0.000483	-55.857124
983	0.000032	75000	-0.000442	-55.857566
984	0.000028	75000	-0.000402	-55.857969
985	0.000023	75000	-0.000365	-55.858333
986	0.000019	75000	-0.000328	-55.858661
987	0.000016	75000	-0.000292	-55.858953
988	0.000013	75000	-0.000258	-55.859210
989	0.000010	75000	-0.000225	-55.859435
990	0.000008	75000	-0.000193	-55.859629
991	0.000006	75000	-0.000163	-55.859792
992	0.000004	75000	-0.000136	-55.859928
993	0.000003	75000	-0.000109	-55.860037
994	0.000002	75000	-0.000085	-55.860122
995	0.000001	75000	-0.000063	-55.860185
996	0.000000	75000	-0.000043	-55.860229
997	0.000000	75000	-0.000026	-55.860255
998	0.000000	75000	-0.000012	-55.860267
999	0.000000	75000	-0.000003	-55.860270
Log marginal likelihood:	-55.860270
