Steppingstone sampler:
        No Stones:                  1000
        Start It:                   10000001
        It Per Stone:               100000
        Sample Freq:                1
        Dist:                       Beta(0.400000,1.000000)
Stone No	Power	N	Stone MLh	Running MLh
0	0.997502	75000	-0.719773	-0.719773
1	0.995007	75000	-0.718018	-1.437792
2	0.992517	75000	-0.717230	-2.155022
3	0.990030	75000	-0.716422	-2.871445
4	0.987547	75000	-0.716012	-3.587456
5	0.985067	75000	-0.714297	-4.301753
6	0.982592	75000	-0.713297	-5.015050
7	0.980120	75000	-0.712561	-5.727612
8	0.977652	75000	-0.711475	-6.439087
9	0.975187	75000	-0.710021	-7.149108
10	0.972726	75000	-0.709320	-7.858428
11	0.970269	75000	-0.707794	-8.566222
12	0.967816	75000	-0.707007	-9.273228
13	0.965367	75000	-0.705672	-9.978901
14	0.962921	75000	-0.704989	-10.683890
15	0.960479	75000	-0.703906	-11.387795
16	0.958040	75000	-0.702696	-12.090491
17	0.955606	75000	-0.702029	-12.792520
18	0.953175	75000	-0.701014	-13.493535
19	0.950747	75000	-0.699359	-14.192893
20	0.948324	75000	-0.698497	-14.891391
21	0.945904	75000	-0.697911	-15.589302
22	0.943488	75000	-0.696550	-16.285852
23	0.941076	75000	-0.695582	-16.981434
24	0.938667	75000	-0.694149	-17.675583
25	0.936262	75000	-0.693377	-18.368960
26	0.933861	75000	-0.692237	-19.061197
27	0.931463	75000	-0.690840	-19.752037
28	0.929069	75000	-0.689885	-20.441922
29	0.926679	75000	-0.689127	-21.131050
30	0.924293	75000	-0.687734	-21.818784
31	0.921910	75000	-0.687211	-22.505995
32	0.919531	75000	-0.686250	-23.192244
33	0.917155	75000	-0.684980	-23.877224
34	0.914783	75000	-0.684326	-24.561550
35	0.912415	75000	-0.682926	-25.244476
36	0.910051	75000	-0.681408	-25.925884
37	0.907690	75000	-0.681225	-26.607109
38	0.905333	75000	-0.679353	-27.286463
39	0.902980	75000	-0.679082	-27.965545
40	0.900630	75000	-0.677581	-28.643126
41	0.898284	75000	-0.677418	-29.320544
42	0.895942	75000	-0.675585	-29.996128
43	0.893603	75000	-0.674437	-30.670566
44	0.891268	75000	-0.673104	-31.343670
45	0.888937	75000	-0.672479	-32.016149
46	0.886609	75000	-0.670869	-32.687018
47	0.884285	75000	-0.670908	-33.357926
48	0.881965	75000	-0.669535	-34.027461
49	0.879648	75000	-0.668141	-34.695602
50	0.877335	75000	-0.667144	-35.362746
51	0.875026	75000	-0.666130	-36.028876
52	0.872720	75000	-0.665012	-36.693889
53	0.870418	75000	-0.664565	-37.358454
54	0.868120	75000	-0.663009	-38.021463
55	0.865825	75000	-0.662115	-38.683578
56	0.863534	75000	-0.661255	-39.344832
57	0.861246	75000	-0.659687	-40.004519
58	0.858962	75000	-0.659388	-40.663907
59	0.856682	75000	-0.658066	-41.321972
60	0.854405	75000	-0.656838	-41.978810
61	0.852132	75000	-0.656058	-42.634868
62	0.849863	75000	-0.655195	-43.290063
63	0.847597	75000	-0.654035	-43.944098
64	0.845335	75000	-0.653266	-44.597364
65	0.843077	75000	-0.651550	-45.248914
66	0.840822	75000	-0.651162	-45.900076
67	0.838571	75000	-0.649685	-46.549761
68	0.836323	75000	-0.648952	-47.198712
69	0.834079	75000	-0.648234	-47.846946
70	0.831839	75000	-0.646920	-48.493866
71	0.829602	75000	-0.646090	-49.139955
72	0.827369	75000	-0.645044	-49.785000
73	0.825140	75000	-0.643743	-50.428743
74	0.822914	75000	-0.642833	-51.071575
75	0.820691	75000	-0.641602	-51.713177
76	0.818473	75000	-0.640334	-52.353511
77	0.816258	75000	-0.639913	-52.993425
78	0.814046	75000	-0.638881	-53.632305
79	0.811838	75000	-0.637746	-54.270051
80	0.809634	75000	-0.636569	-54.906620
81	0.807433	75000	-0.635426	-55.542046
82	0.805236	75000	-0.634698	-56.176744
83	0.803043	75000	-0.633555	-56.810299
84	0.800853	75000	-0.632400	-57.442700
85	0.798667	75000	-0.631313	-58.074013
86	0.796484	75000	-0.630266	-58.704279
87	0.794305	75000	-0.629191	-59.333471
88	0.792129	75000	-0.628564	-59.962034
89	0.789957	75000	-0.627785	-60.589820
90	0.787789	75000	-0.626320	-61.216139
91	0.785624	75000	-0.624999	-61.841138
92	0.783463	75000	-0.624498	-62.465637
93	0.781305	75000	-0.623164	-63.088800
94	0.779151	75000	-0.622339	-63.711139
95	0.777000	75000	-0.621493	-64.332632
96	0.774853	75000	-0.620178	-64.952810
97	0.772710	75000	-0.619704	-65.572514
98	0.770570	75000	-0.618390	-66.190904
99	0.768433	75000	-0.617410	-66.808314
100	0.766301	75000	-0.616014	-67.424328
101	0.764172	75000	-0.615302	-68.039630
102	0.762046	75000	-0.613913	-68.653543
103	0.759924	75000	-0.612537	-69.266081
104	0.757805	75000	-0.612317	-69.878397
105	0.755690	75000	-0.611620	-70.490017
106	0.753579	75000	-0.610685	-71.100702
107	0.751471	75000	-0.608677	-71.709379
108	0.749366	75000	-0.608188	-72.317567
109	0.747266	75000	-0.607636	-72.925203
110	0.745168	75000	-0.606219	-73.531422
111	0.743075	75000	-0.605692	-74.137114
112	0.740984	75000	-0.604327	-74.741442
113	0.738898	75000	-0.603312	-75.344754
114	0.736815	75000	-0.601909	-75.946663
115	0.734735	75000	-0.601607	-76.548269
116	0.732659	75000	-0.600438	-77.148708
117	0.730586	75000	-0.599411	-77.748119
118	0.728517	75000	-0.598131	-78.346250
119	0.726452	75000	-0.597249	-78.943499
120	0.724390	75000	-0.596537	-79.540036
121	0.722331	75000	-0.595842	-80.135877
122	0.720276	75000	-0.594668	-80.730546
123	0.718225	75000	-0.593481	-81.324026
124	0.716177	75000	-0.592341	-81.916367
125	0.714132	75000	-0.591799	-82.508167
126	0.712091	75000	-0.590637	-83.098804
127	0.710054	75000	-0.589729	-83.688533
128	0.708020	75000	-0.588193	-84.276726
129	0.705989	75000	-0.587530	-84.864256
130	0.703962	75000	-0.586246	-85.450502
131	0.701939	75000	-0.584688	-86.035190
132	0.699919	75000	-0.584021	-86.619211
133	0.697902	75000	-0.583565	-87.202776
134	0.695889	75000	-0.582113	-87.784889
135	0.693880	75000	-0.581664	-88.366553
136	0.691874	75000	-0.580737	-88.947290
137	0.689871	75000	-0.579640	-89.526930
138	0.687872	75000	-0.578566	-90.105496
139	0.685877	75000	-0.577044	-90.682540
140	0.683885	75000	-0.576242	-91.258782
141	0.681896	75000	-0.575913	-91.834695
142	0.679911	75000	-0.574817	-92.409512
143	0.677929	75000	-0.573243	-92.982755
144	0.675951	75000	-0.573090	-93.555845
145	0.673976	75000	-0.572064	-94.127909
146	0.672005	75000	-0.570903	-94.698812
147	0.670037	75000	-0.570238	-95.269049
148	0.668073	75000	-0.569183	-95.838233
149	0.666112	75000	-0.567790	-96.406022
150	0.664155	75000	-0.566788	-96.972811
151	0.662201	75000	-0.566034	-97.538844
152	0.660250	75000	-0.564650	-98.103494
153	0.658303	75000	-0.563725	-98.667219
154	0.656359	75000	-0.562934	-99.230153
155	0.654419	75000	-0.562111	-99.792264
156	0.652483	75000	-0.561361	-100.353625
157	0.650549	75000	-0.560293	-100.913918
158	0.648619	75000	-0.558919	-101.472836
159	0.646693	75000	-0.558175	-102.031012
160	0.644770	75000	-0.557040	-102.588051
161	0.642851	75000	-0.556215	-103.144266
162	0.640934	75000	-0.555346	-103.699613
163	0.639022	75000	-0.554195	-104.253807
164	0.637113	75000	-0.553091	-104.806898
165	0.635207	75000	-0.552420	-105.359318
166	0.633304	75000	-0.551686	-105.911004
167	0.631405	75000	-0.550257	-106.461261
168	0.629510	75000	-0.549573	-107.010834
169	0.627618	75000	-0.548701	-107.559535
170	0.625729	75000	-0.547598	-108.107132
171	0.623844	75000	-0.546715	-108.653848
172	0.621962	75000	-0.545840	-109.199688
173	0.620083	75000	-0.544954	-109.744642
174	0.618208	75000	-0.543327	-110.287969
175	0.616337	75000	-0.542616	-110.830585
176	0.614468	75000	-0.541728	-111.372313
177	0.612604	75000	-0.541133	-111.913446
178	0.610742	75000	-0.539694	-112.453140
179	0.608884	75000	-0.539123	-112.992263
180	0.607029	75000	-0.537900	-113.530164
181	0.605178	75000	-0.537022	-114.067185
182	0.603330	75000	-0.536060	-114.603245
183	0.601486	75000	-0.535094	-115.138340
184	0.599645	75000	-0.534011	-115.672350
185	0.597807	75000	-0.533000	-116.205350
186	0.595973	75000	-0.532521	-116.737871
187	0.594142	75000	-0.530901	-117.268772
188	0.592314	75000	-0.529825	-117.798597
189	0.590490	75000	-0.529341	-118.327938
190	0.588669	75000	-0.528074	-118.856012
191	0.586852	75000	-0.527461	-119.383473
192	0.585038	75000	-0.526355	-119.909828
193	0.583227	75000	-0.525552	-120.435380
194	0.581420	75000	-0.524743	-120.960123
195	0.579616	75000	-0.523657	-121.483780
196	0.577815	75000	-0.522445	-122.006226
197	0.576018	75000	-0.521412	-122.527637
198	0.574224	75000	-0.520616	-123.048254
199	0.572433	75000	-0.519875	-123.568129
200	0.570646	75000	-0.518594	-124.086723
201	0.568862	75000	-0.518019	-124.604742
202	0.567082	75000	-0.516667	-125.121409
203	0.565305	75000	-0.515507	-125.636916
204	0.563531	75000	-0.515037	-126.151954
205	0.561761	75000	-0.514102	-126.666056
206	0.559993	75000	-0.513439	-127.179495
207	0.558230	75000	-0.512250	-127.691745
208	0.556469	75000	-0.511080	-128.202825
209	0.554712	75000	-0.510255	-128.713080
210	0.552958	75000	-0.509339	-129.222419
211	0.551208	75000	-0.508095	-129.730514
212	0.549461	75000	-0.507723	-130.238237
213	0.547717	75000	-0.506238	-130.744475
214	0.545977	75000	-0.505654	-131.250129
215	0.544240	75000	-0.504417	-131.754546
216	0.542506	75000	-0.503724	-132.258270
217	0.540775	75000	-0.502704	-132.760974
218	0.539048	75000	-0.501796	-133.262770
219	0.537324	75000	-0.501052	-133.763822
220	0.535604	75000	-0.500013	-134.263835
221	0.533887	75000	-0.499040	-134.762875
222	0.532173	75000	-0.498156	-135.261031
223	0.530462	75000	-0.496858	-135.757889
224	0.528755	75000	-0.496675	-136.254564
225	0.527051	75000	-0.495423	-136.749987
226	0.525350	75000	-0.494622	-137.244609
227	0.523653	75000	-0.493520	-137.738129
228	0.521958	75000	-0.492561	-138.230690
229	0.520268	75000	-0.491785	-138.722475
230	0.518580	75000	-0.490773	-139.213248
231	0.516896	75000	-0.489713	-139.702960
232	0.515215	75000	-0.488672	-140.191632
233	0.513537	75000	-0.488239	-140.679871
234	0.511863	75000	-0.487259	-141.167130
235	0.510192	75000	-0.486006	-141.653135
236	0.508524	75000	-0.484878	-142.138014
237	0.506859	75000	-0.484393	-142.622407
238	0.505198	75000	-0.483279	-143.105686
239	0.503540	75000	-0.482443	-143.588129
240	0.501885	75000	-0.481624	-144.069753
241	0.500234	75000	-0.480419	-144.550172
242	0.498586	75000	-0.479767	-145.029940
243	0.496941	75000	-0.478619	-145.508559
244	0.495299	75000	-0.477543	-145.986102
245	0.493660	75000	-0.476683	-146.462785
246	0.492025	75000	-0.475818	-146.938603
247	0.490393	75000	-0.475160	-147.413763
248	0.488765	75000	-0.474036	-147.887799
249	0.487139	75000	-0.472651	-148.360450
250	0.485517	75000	-0.472196	-148.832646
251	0.483898	75000	-0.471698	-149.304344
252	0.482283	75000	-0.470311	-149.774655
253	0.480670	75000	-0.469189	-150.243845
254	0.479061	75000	-0.468496	-150.712341
255	0.477455	75000	-0.467740	-151.180081
256	0.475852	75000	-0.466592	-151.646673
257	0.474253	75000	-0.465614	-152.112287
258	0.472656	75000	-0.464827	-152.577114
259	0.471063	75000	-0.464396	-153.041510
260	0.469474	75000	-0.462798	-153.504308
261	0.467887	75000	-0.462204	-153.966512
262	0.466304	75000	-0.461506	-154.428018
263	0.464723	75000	-0.460142	-154.888161
264	0.463146	75000	-0.459592	-155.347753
265	0.461573	75000	-0.458485	-155.806238
266	0.460002	75000	-0.457562	-156.263800
267	0.458435	75000	-0.456840	-156.720639
268	0.456871	75000	-0.455747	-157.176386
269	0.455310	75000	-0.454810	-157.631196
270	0.453752	75000	-0.454106	-158.085302
271	0.452198	75000	-0.452887	-158.538190
272	0.450647	75000	-0.452432	-158.990621
273	0.449098	75000	-0.451602	-159.442223
274	0.447554	75000	-0.450924	-159.893147
275	0.446012	75000	-0.449965	-160.343112
276	0.444473	75000	-0.448883	-160.791995
277	0.442938	75000	-0.447899	-161.239894
278	0.441406	75000	-0.446754	-161.686648
279	0.439877	75000	-0.446137	-162.132784
280	0.438351	75000	-0.445197	-162.577981
281	0.436829	75000	-0.443905	-163.021886
282	0.435309	75000	-0.443453	-163.465340
283	0.433793	75000	-0.442457	-163.907797
284	0.432280	75000	-0.441390	-164.349187
285	0.430770	75000	-0.440892	-164.790079
286	0.429263	75000	-0.439777	-165.229856
287	0.427760	75000	-0.438795	-165.668652
288	0.426259	75000	-0.437925	-166.106576
289	0.424762	75000	-0.436905	-166.543482
290	0.423268	75000	-0.436478	-166.979960
291	0.421777	75000	-0.435274	-167.415234
292	0.420289	75000	-0.434487	-167.849721
293	0.418805	75000	-0.433501	-168.283222
294	0.417323	75000	-0.432928	-168.716150
295	0.415845	75000	-0.431792	-169.147942
296	0.414370	75000	-0.431055	-169.578997
297	0.412898	75000	-0.429859	-170.008856
298	0.411429	75000	-0.428805	-170.437661
299	0.409963	75000	-0.428286	-170.865947
300	0.408501	75000	-0.427201	-171.293148
301	0.407041	75000	-0.426731	-171.719879
302	0.405585	75000	-0.425456	-172.145335
303	0.404132	75000	-0.424709	-172.570044
304	0.402682	75000	-0.423704	-172.993748
305	0.401235	75000	-0.422429	-173.416177
306	0.399791	75000	-0.422027	-173.838204
307	0.398350	75000	-0.421154	-174.259358
308	0.396913	75000	-0.420024	-174.679383
309	0.395478	75000	-0.419476	-175.098858
310	0.394047	75000	-0.418234	-175.517092
311	0.392619	75000	-0.417787	-175.934879
312	0.391194	75000	-0.416629	-176.351508
313	0.389772	75000	-0.416024	-176.767532
314	0.388353	75000	-0.415055	-177.182587
315	0.386937	75000	-0.414114	-177.596702
316	0.385524	75000	-0.413171	-178.009873
317	0.384115	75000	-0.412336	-178.422209
318	0.382708	75000	-0.411594	-178.833803
319	0.381305	75000	-0.410649	-179.244453
320	0.379904	75000	-0.410133	-179.654585
321	0.378507	75000	-0.408625	-180.063210
322	0.377113	75000	-0.407652	-180.470862
323	0.375722	75000	-0.407208	-180.878070
324	0.374334	75000	-0.406348	-181.284418
325	0.372949	75000	-0.405709	-181.690127
326	0.371567	75000	-0.404639	-182.094766
327	0.370189	75000	-0.403980	-182.498746
328	0.368813	75000	-0.402941	-182.901687
329	0.367440	75000	-0.401950	-183.303637
330	0.366071	75000	-0.401082	-183.704719
331	0.364705	75000	-0.400079	-184.104798
332	0.363341	75000	-0.399200	-184.503998
333	0.361981	75000	-0.398251	-184.902249
334	0.360624	75000	-0.397543	-185.299792
335	0.359269	75000	-0.396947	-185.696739
336	0.357918	75000	-0.395766	-186.092505
337	0.356570	75000	-0.394733	-186.487237
338	0.355225	75000	-0.394135	-186.881373
339	0.353883	75000	-0.393411	-187.274784
340	0.352544	75000	-0.392295	-187.667079
341	0.351208	75000	-0.391782	-188.058860
342	0.349875	75000	-0.390859	-188.449720
343	0.348546	75000	-0.390162	-188.839882
344	0.347219	75000	-0.388998	-189.228881
345	0.345895	75000	-0.388167	-189.617048
346	0.344574	75000	-0.387558	-190.004606
347	0.343257	75000	-0.386708	-190.391314
348	0.341942	75000	-0.385737	-190.777051
349	0.340630	75000	-0.384817	-191.161868
350	0.339322	75000	-0.383906	-191.545774
351	0.338016	75000	-0.383178	-191.928952
352	0.336714	75000	-0.382401	-192.311353
353	0.335414	75000	-0.381351	-192.692703
354	0.334118	75000	-0.380565	-193.073269
355	0.332824	75000	-0.379822	-193.453091
356	0.331534	75000	-0.378716	-193.831806
357	0.330246	75000	-0.377825	-194.209632
358	0.328962	75000	-0.377240	-194.586872
359	0.327680	75000	-0.376320	-194.963193
360	0.326401	75000	-0.375896	-195.339089
361	0.325126	75000	-0.374899	-195.713988
362	0.323853	75000	-0.373686	-196.087674
363	0.322584	75000	-0.372739	-196.460413
364	0.321317	75000	-0.372183	-196.832596
365	0.320054	75000	-0.371291	-197.203887
366	0.318793	75000	-0.370497	-197.574384
367	0.317536	75000	-0.369461	-197.943846
368	0.316281	75000	-0.368663	-198.312509
369	0.315030	75000	-0.367845	-198.680354
370	0.313781	75000	-0.367210	-199.047564
371	0.312535	75000	-0.366100	-199.413664
372	0.311293	75000	-0.365546	-199.779210
373	0.310053	75000	-0.364495	-200.143705
374	0.308816	75000	-0.363635	-200.507340
375	0.307582	75000	-0.362885	-200.870225
376	0.306352	75000	-0.362132	-201.232358
377	0.305124	75000	-0.361286	-201.593644
378	0.303899	75000	-0.360415	-201.954059
379	0.302677	75000	-0.359120	-202.313178
380	0.301458	75000	-0.358707	-202.671886
381	0.300242	75000	-0.358010	-203.029896
382	0.299029	75000	-0.356995	-203.386891
383	0.297819	75000	-0.356500	-203.743391
384	0.296611	75000	-0.355421	-204.098812
385	0.295407	75000	-0.354635	-204.453448
386	0.294206	75000	-0.353741	-204.807189
387	0.293007	75000	-0.352958	-205.160147
388	0.291812	75000	-0.352164	-205.512311
389	0.290619	75000	-0.351180	-205.863491
390	0.289430	75000	-0.350502	-206.213992
391	0.288243	75000	-0.349678	-206.563670
392	0.287059	75000	-0.348746	-206.912416
393	0.285879	75000	-0.348324	-207.260741
394	0.284701	75000	-0.347104	-207.607845
395	0.283526	75000	-0.346188	-207.954032
396	0.282354	75000	-0.345756	-208.299788
397	0.281184	75000	-0.344749	-208.644537
398	0.280018	75000	-0.343717	-208.988254
399	0.278855	75000	-0.342912	-209.331166
400	0.277694	75000	-0.341885	-209.673052
401	0.276537	75000	-0.341391	-210.014442
402	0.275382	75000	-0.340540	-210.354982
403	0.274230	75000	-0.339885	-210.694867
404	0.273082	75000	-0.339024	-211.033891
405	0.271936	75000	-0.338192	-211.372083
406	0.270793	75000	-0.337224	-211.709307
407	0.269652	75000	-0.336464	-212.045771
408	0.268515	75000	-0.335820	-212.381591
409	0.267381	75000	-0.334871	-212.716462
410	0.266249	75000	-0.333787	-213.050249
411	0.265121	75000	-0.333180	-213.383429
412	0.263995	75000	-0.332700	-213.716128
413	0.262872	75000	-0.331756	-214.047885
414	0.261752	75000	-0.330780	-214.378664
415	0.260635	75000	-0.329815	-214.708480
416	0.259520	75000	-0.329229	-215.037709
417	0.258409	75000	-0.328245	-215.365954
418	0.257300	75000	-0.327608	-215.693562
419	0.256195	75000	-0.326803	-216.020365
420	0.255092	75000	-0.325943	-216.346308
421	0.253992	75000	-0.325013	-216.671321
422	0.252895	75000	-0.324493	-216.995814
423	0.251800	75000	-0.323424	-217.319238
424	0.250709	75000	-0.322714	-217.641952
425	0.249620	75000	-0.321919	-217.963872
426	0.248534	75000	-0.321229	-218.285101
427	0.247451	75000	-0.320345	-218.605446
428	0.246371	75000	-0.319546	-218.924992
429	0.245294	75000	-0.318872	-219.243865
430	0.244220	75000	-0.317913	-219.561778
431	0.243148	75000	-0.317136	-219.878913
432	0.242079	75000	-0.316151	-220.195065
433	0.241013	75000	-0.315711	-220.510776
434	0.239950	75000	-0.314829	-220.825605
435	0.238890	75000	-0.314069	-221.139674
436	0.237832	75000	-0.313218	-221.452892
437	0.236778	75000	-0.312666	-221.765558
438	0.235726	75000	-0.311782	-222.077341
439	0.234677	75000	-0.310959	-222.388299
440	0.233630	75000	-0.310257	-222.698556
441	0.232587	75000	-0.309375	-223.007931
442	0.231546	75000	-0.308663	-223.316594
443	0.230509	75000	-0.307564	-223.624158
444	0.229473	75000	-0.306950	-223.931108
445	0.228441	75000	-0.306146	-224.237255
446	0.227412	75000	-0.305197	-224.542451
447	0.226385	75000	-0.304308	-224.846759
448	0.225361	75000	-0.303826	-225.150586
449	0.224340	75000	-0.302951	-225.453537
450	0.223322	75000	-0.302311	-225.755848
451	0.222306	75000	-0.301491	-226.057339
452	0.221293	75000	-0.300724	-226.358063
453	0.220283	75000	-0.299882	-226.657945
454	0.219276	75000	-0.298894	-226.956839
455	0.218272	75000	-0.298407	-227.255246
456	0.217270	75000	-0.297621	-227.552868
457	0.216271	75000	-0.296696	-227.849563
458	0.215275	75000	-0.295997	-228.145561
459	0.214281	75000	-0.295015	-228.440576
460	0.213291	75000	-0.294450	-228.735027
461	0.212303	75000	-0.293573	-229.028600
462	0.211318	75000	-0.292896	-229.321496
463	0.210335	75000	-0.292016	-229.613512
464	0.209356	75000	-0.291369	-229.904880
465	0.208379	75000	-0.290657	-230.195537
466	0.207404	75000	-0.289909	-230.485446
467	0.206433	75000	-0.289215	-230.774661
468	0.205464	75000	-0.288350	-231.063011
469	0.204498	75000	-0.287378	-231.350389
470	0.203535	75000	-0.286879	-231.637268
471	0.202575	75000	-0.285845	-231.923113
472	0.201617	75000	-0.285177	-232.208290
473	0.200662	75000	-0.284447	-232.492737
474	0.199709	75000	-0.283688	-232.776425
475	0.198760	75000	-0.282785	-233.059210
476	0.197813	75000	-0.282092	-233.341302
477	0.196869	75000	-0.281426	-233.622728
478	0.195927	75000	-0.280458	-233.903186
479	0.194988	75000	-0.279856	-234.183041
480	0.194052	75000	-0.278931	-234.461972
481	0.193119	75000	-0.278344	-234.740316
482	0.192188	75000	-0.277692	-235.018008
483	0.191260	75000	-0.276901	-235.294909
484	0.190335	75000	-0.276149	-235.571058
485	0.189412	75000	-0.275338	-235.846396
486	0.188492	75000	-0.274560	-236.120956
487	0.187575	75000	-0.273627	-236.394583
488	0.186660	75000	-0.273182	-236.667765
489	0.185749	75000	-0.272336	-236.940101
490	0.184839	75000	-0.271462	-237.211563
491	0.183933	75000	-0.270947	-237.482510
492	0.183029	75000	-0.270205	-237.752715
493	0.182128	75000	-0.269220	-238.021935
494	0.181229	75000	-0.268555	-238.290490
495	0.180333	75000	-0.267829	-238.558319
496	0.179440	75000	-0.266979	-238.825298
497	0.178550	75000	-0.266366	-239.091664
498	0.177662	75000	-0.265665	-239.357329
499	0.176777	75000	-0.264899	-239.622228
500	0.175894	75000	-0.264330	-239.886558
501	0.175014	75000	-0.263583	-240.150141
502	0.174137	75000	-0.262874	-240.413015
503	0.173262	75000	-0.261857	-240.674871
504	0.172390	75000	-0.261036	-240.935908
505	0.171521	75000	-0.260431	-241.196338
506	0.170654	75000	-0.259606	-241.455944
507	0.169790	75000	-0.258793	-241.714737
508	0.168929	75000	-0.258266	-241.973002
509	0.168070	75000	-0.257375	-242.230378
510	0.167214	75000	-0.256605	-242.486982
511	0.166360	75000	-0.255903	-242.742886
512	0.165509	75000	-0.255395	-242.998281
513	0.164661	75000	-0.254421	-243.252702
514	0.163815	75000	-0.253724	-243.506426
515	0.162972	75000	-0.253204	-243.759630
516	0.162132	75000	-0.252323	-244.011953
517	0.161294	75000	-0.251646	-244.263598
518	0.160458	75000	-0.250879	-244.514478
519	0.159626	75000	-0.250175	-244.764653
520	0.158796	75000	-0.249309	-245.013962
521	0.157968	75000	-0.248649	-245.262612
522	0.157143	75000	-0.247825	-245.510436
523	0.156321	75000	-0.247141	-245.757577
524	0.155501	75000	-0.246488	-246.004065
525	0.154684	75000	-0.245390	-246.249455
526	0.153870	75000	-0.245083	-246.494538
527	0.153058	75000	-0.244286	-246.738824
528	0.152248	75000	-0.243555	-246.982379
529	0.151441	75000	-0.242825	-247.225204
530	0.150637	75000	-0.242157	-247.467362
531	0.149835	75000	-0.241330	-247.708692
532	0.149036	75000	-0.240861	-247.949553
533	0.148240	75000	-0.239768	-248.189322
534	0.147446	75000	-0.239188	-248.428510
535	0.146654	75000	-0.238767	-248.667277
536	0.145865	75000	-0.237835	-248.905111
537	0.145079	75000	-0.237311	-249.142423
538	0.144295	75000	-0.236279	-249.378702
539	0.143514	75000	-0.235737	-249.614439
540	0.142735	75000	-0.234628	-249.849066
541	0.141959	75000	-0.234187	-250.083254
542	0.141186	75000	-0.233745	-250.316999
543	0.140415	75000	-0.233169	-250.550168
544	0.139646	75000	-0.232094	-250.782262
545	0.138880	75000	-0.231489	-251.013751
546	0.138116	75000	-0.230677	-251.244427
547	0.137356	75000	-0.229782	-251.474210
548	0.136597	75000	-0.229303	-251.703513
549	0.135841	75000	-0.228750	-251.932262
550	0.135088	75000	-0.227914	-252.160176
551	0.134337	75000	-0.227334	-252.387510
552	0.133588	75000	-0.226332	-252.613843
553	0.132843	75000	-0.226006	-252.839848
554	0.132099	75000	-0.225164	-253.065013
555	0.131358	75000	-0.224473	-253.289486
556	0.130620	75000	-0.223675	-253.513160
557	0.129884	75000	-0.223102	-253.736262
558	0.129151	75000	-0.222545	-253.958807
559	0.128420	75000	-0.221664	-254.180471
560	0.127691	75000	-0.221054	-254.401526
561	0.126965	75000	-0.220200	-254.621726
562	0.126242	75000	-0.219465	-254.841191
563	0.125521	75000	-0.218876	-255.060067
564	0.124802	75000	-0.218310	-255.278377
565	0.124086	75000	-0.217548	-255.495926
566	0.123373	75000	-0.217045	-255.712971
567	0.122662	75000	-0.216274	-255.929245
568	0.121953	75000	-0.215386	-256.144631
569	0.121247	75000	-0.214693	-256.359324
570	0.120543	75000	-0.214217	-256.573541
571	0.119842	75000	-0.213237	-256.786778
572	0.119143	75000	-0.212798	-256.999576
573	0.118447	75000	-0.211853	-257.211429
574	0.117753	75000	-0.211422	-257.422852
575	0.117062	75000	-0.210646	-257.633498
576	0.116373	75000	-0.210014	-257.843512
577	0.115686	75000	-0.209345	-258.052857
578	0.115002	75000	-0.208565	-258.261422
579	0.114320	75000	-0.207894	-258.469316
580	0.113641	75000	-0.207100	-258.676415
581	0.112964	75000	-0.206561	-258.882976
582	0.112290	75000	-0.205699	-259.088675
583	0.111618	75000	-0.205377	-259.294053
584	0.110948	75000	-0.204784	-259.498837
585	0.110281	75000	-0.203983	-259.702819
586	0.109616	75000	-0.203276	-259.906095
587	0.108954	75000	-0.202732	-260.108827
588	0.108294	75000	-0.202125	-260.310952
589	0.107637	75000	-0.201142	-260.512094
590	0.106981	75000	-0.200780	-260.712874
591	0.106329	75000	-0.199923	-260.912797
592	0.105678	75000	-0.199195	-261.111992
593	0.105030	75000	-0.198376	-261.310369
594	0.104385	75000	-0.198085	-261.508454
595	0.103742	75000	-0.197477	-261.705931
596	0.103101	75000	-0.196646	-261.902578
597	0.102463	75000	-0.195909	-262.098486
598	0.101827	75000	-0.195358	-262.293844
599	0.101193	75000	-0.194697	-262.488542
600	0.100562	75000	-0.194056	-262.682598
601	0.099933	75000	-0.193131	-262.875729
602	0.099306	75000	-0.192824	-263.068553
603	0.098682	75000	-0.192005	-263.260558
604	0.098060	75000	-0.191499	-263.452057
605	0.097441	75000	-0.190577	-263.642634
606	0.096824	75000	-0.190120	-263.832754
607	0.096209	75000	-0.189256	-264.022011
608	0.095596	75000	-0.188761	-264.210772
609	0.094986	75000	-0.188172	-264.398944
610	0.094379	75000	-0.187572	-264.586516
611	0.093773	75000	-0.186836	-264.773352
612	0.093170	75000	-0.186321	-264.959673
613	0.092570	75000	-0.185647	-265.145321
614	0.091971	75000	-0.184917	-265.330238
615	0.091375	75000	-0.184406	-265.514643
616	0.090781	75000	-0.183818	-265.698461
617	0.090190	75000	-0.183236	-265.881697
618	0.089601	75000	-0.182262	-266.063958
619	0.089014	75000	-0.181729	-266.245688
620	0.088430	75000	-0.181136	-266.426823
621	0.087848	75000	-0.180077	-266.606900
622	0.087268	75000	-0.180182	-266.787082
623	0.086690	75000	-0.179475	-266.966557
624	0.086115	75000	-0.178463	-267.145020
625	0.085542	75000	-0.178064	-267.323084
626	0.084971	75000	-0.177400	-267.500485
627	0.084403	75000	-0.176586	-267.677070
628	0.083837	75000	-0.176355	-267.853425
629	0.083273	75000	-0.175378	-268.028803
630	0.082712	75000	-0.174818	-268.203621
631	0.082152	75000	-0.174563	-268.378184
632	0.081595	75000	-0.173993	-268.552177
633	0.081041	75000	-0.173375	-268.725552
634	0.080488	75000	-0.172728	-268.898280
635	0.079938	75000	-0.171710	-269.069990
636	0.079390	75000	-0.171377	-269.241367
637	0.078845	75000	-0.170765	-269.412132
638	0.078301	75000	-0.169929	-269.582060
639	0.077760	75000	-0.169180	-269.751240
640	0.077221	75000	-0.168889	-269.920129
641	0.076684	75000	-0.168381	-270.088510
642	0.076150	75000	-0.167519	-270.256030
643	0.075618	75000	-0.167130	-270.423159
644	0.075088	75000	-0.166623	-270.589782
645	0.074560	75000	-0.165831	-270.755613
646	0.074035	75000	-0.165605	-270.921218
647	0.073512	75000	-0.164631	-271.085849
648	0.072991	75000	-0.164076	-271.249925
649	0.072472	75000	-0.163443	-271.413368
650	0.071955	75000	-0.162774	-271.576142
651	0.071441	75000	-0.162297	-271.738439
652	0.070929	75000	-0.161509	-271.899948
653	0.070419	75000	-0.161424	-272.061373
654	0.069911	75000	-0.160311	-272.221683
655	0.069406	75000	-0.159632	-272.381315
656	0.068903	75000	-0.158983	-272.540298
657	0.068401	75000	-0.158684	-272.698982
658	0.067903	75000	-0.158038	-272.857020
659	0.067406	75000	-0.157898	-273.014917
660	0.066911	75000	-0.156966	-273.171884
661	0.066419	75000	-0.156705	-273.328589
662	0.065929	75000	-0.156027	-273.484616
663	0.065441	75000	-0.155263	-273.639879
664	0.064955	75000	-0.154764	-273.794643
665	0.064471	75000	-0.154194	-273.948837
666	0.063990	75000	-0.153330	-274.102167
667	0.063510	75000	-0.152827	-274.254994
668	0.063033	75000	-0.152152	-274.407145
669	0.062558	75000	-0.151789	-274.558935
670	0.062085	75000	-0.151265	-274.710200
671	0.061615	75000	-0.150804	-274.861004
672	0.061146	75000	-0.150457	-275.011461
673	0.060680	75000	-0.149519	-275.160981
674	0.060216	75000	-0.148996	-275.309977
675	0.059753	75000	-0.148311	-275.458288
676	0.059293	75000	-0.147902	-275.606190
677	0.058836	75000	-0.147103	-275.753293
678	0.058380	75000	-0.146952	-275.900245
679	0.057926	75000	-0.146243	-276.046488
680	0.057475	75000	-0.145957	-276.192445
681	0.057025	75000	-0.144876	-276.337321
682	0.056578	75000	-0.145185	-276.482506
683	0.056133	75000	-0.144429	-276.626935
684	0.055690	75000	-0.143422	-276.770357
685	0.055249	75000	-0.142930	-276.913287
686	0.054810	75000	-0.142566	-277.055853
687	0.054373	75000	-0.141897	-277.197750
688	0.053939	75000	-0.141206	-277.338956
689	0.053506	75000	-0.140907	-277.479863
690	0.053076	75000	-0.140435	-277.620298
691	0.052647	75000	-0.140079	-277.760377
692	0.052221	75000	-0.139336	-277.899712
693	0.051797	75000	-0.138407	-278.038119
694	0.051375	75000	-0.138237	-278.176357
695	0.050955	75000	-0.137896	-278.314253
696	0.050537	75000	-0.137221	-278.451473
697	0.050121	75000	-0.136964	-278.588437
698	0.049707	75000	-0.136328	-278.724765
699	0.049295	75000	-0.135812	-278.860578
700	0.048885	75000	-0.135160	-278.995738
701	0.048478	75000	-0.134630	-279.130368
702	0.048072	75000	-0.134010	-279.264378
703	0.047668	75000	-0.133589	-279.397967
704	0.047267	75000	-0.133564	-279.531530
705	0.046867	75000	-0.132922	-279.664453
706	0.046470	75000	-0.132106	-279.796559
707	0.046074	75000	-0.131369	-279.927928
708	0.045681	75000	-0.131124	-280.059052
709	0.045289	75000	-0.130878	-280.189930
710	0.044900	75000	-0.130211	-280.320141
711	0.044512	75000	-0.129410	-280.449551
712	0.044127	75000	-0.129101	-280.578652
713	0.043744	75000	-0.128865	-280.707517
714	0.043362	75000	-0.128399	-280.835916
715	0.042983	75000	-0.128473	-280.964388
716	0.042606	75000	-0.127429	-281.091818
717	0.042230	75000	-0.126897	-281.218714
718	0.041857	75000	-0.126218	-281.344933
719	0.041485	75000	-0.125714	-281.470647
720	0.041116	75000	-0.125285	-281.595932
721	0.040749	75000	-0.124191	-281.720123
722	0.040383	75000	-0.123857	-281.843980
723	0.040020	75000	-0.123831	-281.967811
724	0.039658	75000	-0.123783	-282.091594
725	0.039299	75000	-0.122897	-282.214491
726	0.038941	75000	-0.122167	-282.336658
727	0.038585	75000	-0.121716	-282.458374
728	0.038232	75000	-0.121728	-282.580102
729	0.037880	75000	-0.120741	-282.700843
730	0.037530	75000	-0.120699	-282.821542
731	0.037182	75000	-0.120332	-282.941874
732	0.036836	75000	-0.119011	-283.060886
733	0.036493	75000	-0.119001	-283.179887
734	0.036151	75000	-0.118344	-283.298231
735	0.035810	75000	-0.117827	-283.416058
736	0.035472	75000	-0.117972	-283.534031
737	0.035136	75000	-0.116906	-283.650936
738	0.034802	75000	-0.116827	-283.767763
739	0.034469	75000	-0.116185	-283.883948
740	0.034139	75000	-0.115375	-283.999324
741	0.033810	75000	-0.115161	-284.114485
742	0.033484	75000	-0.115115	-284.229600
743	0.033159	75000	-0.114347	-284.343946
744	0.032836	75000	-0.114220	-284.458166
745	0.032515	75000	-0.113494	-284.571660
746	0.032196	75000	-0.113158	-284.684818
747	0.031879	75000	-0.112381	-284.797199
748	0.031563	75000	-0.112250	-284.909449
749	0.031250	75000	-0.111503	-285.020953
750	0.030938	75000	-0.111119	-285.132072
751	0.030629	75000	-0.110701	-285.242772
752	0.030321	75000	-0.110293	-285.353065
753	0.030015	75000	-0.110060	-285.463126
754	0.029711	75000	-0.109336	-285.572462
755	0.029409	75000	-0.108302	-285.680764
756	0.029108	75000	-0.108558	-285.789323
757	0.028810	75000	-0.108446	-285.897768
758	0.028513	75000	-0.107354	-286.005122
759	0.028218	75000	-0.106928	-286.112050
760	0.027925	75000	-0.106530	-286.218580
761	0.027634	75000	-0.106148	-286.324728
762	0.027345	75000	-0.105558	-286.430285
763	0.027057	75000	-0.105114	-286.535399
764	0.026771	75000	-0.104384	-286.639783
765	0.026487	75000	-0.104247	-286.744030
766	0.026205	75000	-0.103622	-286.847652
767	0.025925	75000	-0.102995	-286.950647
768	0.025647	75000	-0.103025	-287.053671
769	0.025370	75000	-0.102408	-287.156080
770	0.025095	75000	-0.101705	-287.257785
771	0.024822	75000	-0.101670	-287.359455
772	0.024551	75000	-0.100157	-287.459612
773	0.024281	75000	-0.100416	-287.560028
774	0.024014	75000	-0.099640	-287.659668
775	0.023748	75000	-0.099574	-287.759242
776	0.023483	75000	-0.098388	-287.857630
777	0.023221	75000	-0.098375	-287.956004
778	0.022960	75000	-0.098106	-288.054110
779	0.022702	75000	-0.097638	-288.151748
780	0.022445	75000	-0.097321	-288.249070
781	0.022189	75000	-0.096214	-288.345283
782	0.021936	75000	-0.096044	-288.441327
783	0.021684	75000	-0.095411	-288.536738
784	0.021434	75000	-0.095108	-288.631846
785	0.021185	75000	-0.094459	-288.726305
786	0.020939	75000	-0.094602	-288.820907
787	0.020694	75000	-0.093418	-288.914325
788	0.020451	75000	-0.092900	-289.007224
789	0.020209	75000	-0.092913	-289.100138
790	0.019969	75000	-0.092308	-289.192446
791	0.019731	75000	-0.091476	-289.283922
792	0.019495	75000	-0.090985	-289.374907
793	0.019261	75000	-0.090556	-289.465463
794	0.019028	75000	-0.090191	-289.555653
795	0.018796	75000	-0.089765	-289.645418
796	0.018567	75000	-0.089262	-289.734680
797	0.018339	75000	-0.088822	-289.823502
798	0.018113	75000	-0.088011	-289.911513
799	0.017889	75000	-0.087791	-289.999305
800	0.017666	75000	-0.087243	-290.086548
801	0.017445	75000	-0.086579	-290.173127
802	0.017225	75000	-0.086102	-290.259229
803	0.017007	75000	-0.085482	-290.344711
804	0.016791	75000	-0.085528	-290.430238
805	0.016577	75000	-0.084663	-290.514901
806	0.016364	75000	-0.084181	-290.599082
807	0.016153	75000	-0.083528	-290.682610
808	0.015943	75000	-0.083103	-290.765713
809	0.015736	75000	-0.082295	-290.848008
810	0.015529	75000	-0.082020	-290.930028
811	0.015325	75000	-0.081651	-291.011680
812	0.015122	75000	-0.081044	-291.092723
813	0.014920	75000	-0.080497	-291.173221
814	0.014721	75000	-0.080107	-291.253327
815	0.014523	75000	-0.079508	-291.332835
816	0.014326	75000	-0.079156	-291.411991
817	0.014131	75000	-0.078838	-291.490829
818	0.013938	75000	-0.077931	-291.568760
819	0.013746	75000	-0.077444	-291.646204
820	0.013556	75000	-0.076656	-291.722859
821	0.013367	75000	-0.076568	-291.799428
822	0.013181	75000	-0.075819	-291.875247
823	0.012995	75000	-0.075469	-291.950715
824	0.012811	75000	-0.074896	-292.025612
825	0.012629	75000	-0.074103	-292.099715
826	0.012448	75000	-0.074082	-292.173797
827	0.012269	75000	-0.073286	-292.247082
828	0.012092	75000	-0.072302	-292.319385
829	0.011916	75000	-0.072394	-292.391779
830	0.011741	75000	-0.071454	-292.463233
831	0.011568	75000	-0.071078	-292.534311
832	0.011397	75000	-0.070694	-292.605006
833	0.011227	75000	-0.070194	-292.675199
834	0.011059	75000	-0.069686	-292.744886
835	0.010892	75000	-0.069148	-292.814034
836	0.010727	75000	-0.068365	-292.882399
837	0.010563	75000	-0.068106	-292.950505
838	0.010401	75000	-0.067255	-293.017760
839	0.010240	75000	-0.066785	-293.084545
840	0.010081	75000	-0.066491	-293.151036
841	0.009923	75000	-0.065977	-293.217013
842	0.009767	75000	-0.065418	-293.282431
843	0.009612	75000	-0.064726	-293.347157
844	0.009459	75000	-0.064300	-293.411458
845	0.009307	75000	-0.063696	-293.475154
846	0.009156	75000	-0.063141	-293.538295
847	0.009008	75000	-0.062547	-293.600842
848	0.008860	75000	-0.062033	-293.662876
849	0.008714	75000	-0.061427	-293.724303
850	0.008570	75000	-0.061016	-293.785319
851	0.008427	75000	-0.060165	-293.845484
852	0.008285	75000	-0.059825	-293.905309
853	0.008145	75000	-0.059222	-293.964531
854	0.008006	75000	-0.058581	-294.023112
855	0.007869	75000	-0.058459	-294.081571
856	0.007733	75000	-0.057932	-294.139503
857	0.007598	75000	-0.057181	-294.196684
858	0.007465	75000	-0.056536	-294.253219
859	0.007334	75000	-0.056226	-294.309445
860	0.007203	75000	-0.055468	-294.364913
861	0.007075	75000	-0.054791	-294.419705
862	0.006947	75000	-0.054316	-294.474021
863	0.006821	75000	-0.054122	-294.528143
864	0.006696	75000	-0.053296	-294.581439
865	0.006573	75000	-0.052858	-294.634297
866	0.006451	75000	-0.052396	-294.686693
867	0.006330	75000	-0.051701	-294.738394
868	0.006211	75000	-0.051421	-294.789816
869	0.006093	75000	-0.050627	-294.840443
870	0.005977	75000	-0.050278	-294.890721
871	0.005862	75000	-0.049449	-294.940170
872	0.005748	75000	-0.049152	-294.989323
873	0.005635	75000	-0.048569	-295.037891
874	0.005524	75000	-0.047823	-295.085714
875	0.005414	75000	-0.047448	-295.133162
876	0.005306	75000	-0.047023	-295.180185
877	0.005199	75000	-0.046282	-295.226467
878	0.005093	75000	-0.045792	-295.272259
879	0.004988	75000	-0.045301	-295.317560
880	0.004885	75000	-0.044974	-295.362534
881	0.004783	75000	-0.044319	-295.406853
882	0.004682	75000	-0.043763	-295.450616
883	0.004583	75000	-0.043208	-295.493825
884	0.004485	75000	-0.042696	-295.536521
885	0.004388	75000	-0.042199	-295.578720
886	0.004292	75000	-0.041569	-295.620288
887	0.004198	75000	-0.041241	-295.661530
888	0.004105	75000	-0.040590	-295.702119
889	0.004013	75000	-0.040144	-295.742264
890	0.003923	75000	-0.039511	-295.781774
891	0.003833	75000	-0.039072	-295.820847
892	0.003745	75000	-0.038517	-295.859364
893	0.003658	75000	-0.038028	-295.897392
894	0.003573	75000	-0.037521	-295.934913
895	0.003488	75000	-0.036986	-295.971899
896	0.003405	75000	-0.036646	-296.008545
897	0.003323	75000	-0.036108	-296.044654
898	0.003242	75000	-0.035529	-296.080182
899	0.003162	75000	-0.034845	-296.115028
900	0.003084	75000	-0.034543	-296.149571
901	0.003007	75000	-0.034031	-296.183602
902	0.002930	75000	-0.033540	-296.217142
903	0.002855	75000	-0.032957	-296.250099
904	0.002782	75000	-0.032578	-296.282677
905	0.002709	75000	-0.032012	-296.314689
906	0.002638	75000	-0.031600	-296.346289
907	0.002567	75000	-0.031123	-296.377412
908	0.002498	75000	-0.030607	-296.408019
909	0.002430	75000	-0.030125	-296.438144
910	0.002363	75000	-0.029630	-296.467774
911	0.002297	75000	-0.029193	-296.496967
912	0.002233	75000	-0.028676	-296.525642
913	0.002169	75000	-0.028245	-296.553888
914	0.002106	75000	-0.027700	-296.581588
915	0.002045	75000	-0.027250	-296.608838
916	0.001985	75000	-0.026835	-296.635673
917	0.001925	75000	-0.026208	-296.661881
918	0.001867	75000	-0.025863	-296.687744
919	0.001810	75000	-0.025326	-296.713070
920	0.001754	75000	-0.024900	-296.737970
921	0.001699	75000	-0.024526	-296.762496
922	0.001645	75000	-0.023900	-296.786396
923	0.001592	75000	-0.023591	-296.809987
924	0.001540	75000	-0.023106	-296.833092
925	0.001490	75000	-0.022605	-296.855697
926	0.001440	75000	-0.022152	-296.877849
927	0.001391	75000	-0.021754	-296.899603
928	0.001343	75000	-0.021263	-296.920866
929	0.001296	75000	-0.020917	-296.941783
930	0.001251	75000	-0.020482	-296.962265
931	0.001206	75000	-0.019988	-296.982253
932	0.001162	75000	-0.019602	-297.001856
933	0.001119	75000	-0.019191	-297.021047
934	0.001077	75000	-0.018764	-297.039812
935	0.001036	75000	-0.018246	-297.058057
936	0.000996	75000	-0.017882	-297.075939
937	0.000957	75000	-0.017534	-297.093473
938	0.000919	75000	-0.017057	-297.110530
939	0.000882	75000	-0.016679	-297.127209
940	0.000846	75000	-0.016251	-297.143460
941	0.000810	75000	-0.015842	-297.159302
942	0.000776	75000	-0.015417	-297.174719
943	0.000742	75000	-0.014999	-297.189718
944	0.000709	75000	-0.014647	-297.204365
945	0.000678	75000	-0.014271	-297.218636
946	0.000647	75000	-0.013848	-297.232484
947	0.000617	75000	-0.013471	-297.245955
948	0.000587	75000	-0.013087	-297.259043
949	0.000559	75000	-0.012727	-297.271770
950	0.000531	75000	-0.012315	-297.284085
951	0.000505	75000	-0.011933	-297.296018
952	0.000479	75000	-0.011602	-297.307621
953	0.000454	75000	-0.011257	-297.318878
954	0.000430	75000	-0.010892	-297.329770
955	0.000406	75000	-0.010546	-297.340316
956	0.000383	75000	-0.010147	-297.350463
957	0.000362	75000	-0.009847	-297.360310
958	0.000340	75000	-0.009491	-297.369802
959	0.000320	75000	-0.009142	-297.378943
960	0.000300	75000	-0.008804	-297.387748
961	0.000281	75000	-0.008485	-297.396233
962	0.000263	75000	-0.008156	-297.404388
963	0.000246	75000	-0.007818	-297.412207
964	0.000229	75000	-0.007515	-297.419721
965	0.000213	75000	-0.007181	-297.426902
966	0.000198	75000	-0.006856	-297.433758
967	0.000183	75000	-0.006585	-297.440343
968	0.000169	75000	-0.006290	-297.446633
969	0.000156	75000	-0.005987	-297.452620
970	0.000143	75000	-0.005712	-297.458332
971	0.000131	75000	-0.005416	-297.463748
972	0.000120	75000	-0.005127	-297.468875
973	0.000109	75000	-0.004839	-297.473714
974	0.000099	75000	-0.004585	-297.478299
975	0.000089	75000	-0.004307	-297.482606
976	0.000080	75000	-0.004060	-297.486666
977	0.000072	75000	-0.003786	-297.490452
978	0.000064	75000	-0.003553	-297.494005
979	0.000057	75000	-0.003299	-297.497304
980	0.000050	75000	-0.003065	-297.500369
981	0.000043	75000	-0.002839	-297.503208
982	0.000038	75000	-0.002608	-297.505816
983	0.000032	75000	-0.002393	-297.508209
984	0.000028	75000	-0.002171	-297.510380
985	0.000023	75000	-0.001966	-297.512346
986	0.000019	75000	-0.001770	-297.514116
987	0.000016	75000	-0.001576	-297.515692
988	0.000013	75000	-0.001387	-297.517079
989	0.000010	75000	-0.001213	-297.518291
990	0.000008	75000	-0.001042	-297.519333
991	0.000006	75000	-0.000880	-297.520213
992	0.000004	75000	-0.000732	-297.520946
993	0.000003	75000	-0.000590	-297.521536
994	0.000002	75000	-0.000461	-297.521996
995	0.000001	75000	-0.000341	-297.522337
996	0.000000	75000	-0.000233	-297.522571
997	0.000000	75000	-0.000141	-297.522712
998	0.000000	75000	-0.000066	-297.522778
999	0.000000	75000	-0.000014	-297.522793
Log marginal likelihood:	-297.522793
