Steppingstone sampler:
        No Stones:                  1000
        Start It:                   10000001
        It Per Stone:               100000
        Sample Freq:                1
        Dist:                       Beta(0.400000,1.000000)
Stone No	Power	N	Stone MLh	Running MLh
0	0.997502	75000	-1.194973	-1.194973
1	0.995007	75000	-1.193470	-2.388442
2	0.992517	75000	-1.194567	-3.583009
3	0.990030	75000	-1.190678	-4.773687
4	0.987547	75000	-1.190634	-5.964321
5	0.985067	75000	-1.187685	-7.152007
6	0.982592	75000	-1.185802	-8.337809
7	0.980120	75000	-1.182178	-9.519987
8	0.977652	75000	-1.184034	-10.704021
9	0.975187	75000	-1.180647	-11.884668
10	0.972726	75000	-1.178811	-13.063479
11	0.970269	75000	-1.177565	-14.241043
12	0.967816	75000	-1.176104	-15.417147
13	0.965367	75000	-1.173581	-16.590729
14	0.962921	75000	-1.171784	-17.762513
15	0.960479	75000	-1.169123	-18.931636
16	0.958040	75000	-1.169312	-20.100948
17	0.955606	75000	-1.165480	-21.266428
18	0.953175	75000	-1.164578	-22.431005
19	0.950747	75000	-1.163442	-23.594447
20	0.948324	75000	-1.161822	-24.756270
21	0.945904	75000	-1.157680	-25.913950
22	0.943488	75000	-1.159058	-27.073008
23	0.941076	75000	-1.154873	-28.227881
24	0.938667	75000	-1.153897	-29.381777
25	0.936262	75000	-1.151068	-30.532845
26	0.933861	75000	-1.152235	-31.685079
27	0.931463	75000	-1.149461	-32.834540
28	0.929069	75000	-1.149064	-33.983605
29	0.926679	75000	-1.145301	-35.128906
30	0.924293	75000	-1.144696	-36.273602
31	0.921910	75000	-1.143151	-37.416753
32	0.919531	75000	-1.139808	-38.556561
33	0.917155	75000	-1.138075	-39.694636
34	0.914783	75000	-1.137611	-40.832247
35	0.912415	75000	-1.136317	-41.968563
36	0.910051	75000	-1.134519	-43.103082
37	0.907690	75000	-1.131984	-44.235066
38	0.905333	75000	-1.130884	-45.365950
39	0.902980	75000	-1.129745	-46.495695
40	0.900630	75000	-1.127158	-47.622853
41	0.898284	75000	-1.126289	-48.749142
42	0.895942	75000	-1.124316	-49.873458
43	0.893603	75000	-1.120993	-50.994451
44	0.891268	75000	-1.120423	-52.114874
45	0.888937	75000	-1.118197	-53.233071
46	0.886609	75000	-1.116822	-54.349893
47	0.884285	75000	-1.114244	-55.464137
48	0.881965	75000	-1.113081	-56.577219
49	0.879648	75000	-1.112502	-57.689720
50	0.877335	75000	-1.109834	-58.799555
51	0.875026	75000	-1.107293	-59.906848
52	0.872720	75000	-1.105874	-61.012722
53	0.870418	75000	-1.103354	-62.116075
54	0.868120	75000	-1.100855	-63.216931
55	0.865825	75000	-1.100836	-64.317766
56	0.863534	75000	-1.099152	-65.416918
57	0.861246	75000	-1.098923	-66.515841
58	0.858962	75000	-1.095872	-67.611713
59	0.856682	75000	-1.094334	-68.706047
60	0.854405	75000	-1.090442	-69.796489
61	0.852132	75000	-1.090823	-70.887312
62	0.849863	75000	-1.089837	-71.977150
63	0.847597	75000	-1.086750	-73.063899
64	0.845335	75000	-1.084572	-74.148472
65	0.843077	75000	-1.083856	-75.232328
66	0.840822	75000	-1.082798	-76.315126
67	0.838571	75000	-1.080786	-77.395911
68	0.836323	75000	-1.077376	-78.473288
69	0.834079	75000	-1.077249	-79.550537
70	0.831839	75000	-1.074714	-80.625251
71	0.829602	75000	-1.075016	-81.700267
72	0.827369	75000	-1.072745	-82.773012
73	0.825140	75000	-1.069099	-83.842111
74	0.822914	75000	-1.068165	-84.910276
75	0.820691	75000	-1.066286	-85.976562
76	0.818473	75000	-1.064199	-87.040761
77	0.816258	75000	-1.063292	-88.104052
78	0.814046	75000	-1.060268	-89.164320
79	0.811838	75000	-1.058737	-90.223058
80	0.809634	75000	-1.057774	-91.280832
81	0.807433	75000	-1.057191	-92.338023
82	0.805236	75000	-1.054211	-93.392234
83	0.803043	75000	-1.053225	-94.445459
84	0.800853	75000	-1.051825	-95.497283
85	0.798667	75000	-1.049865	-96.547148
86	0.796484	75000	-1.047482	-97.594630
87	0.794305	75000	-1.046844	-98.641474
88	0.792129	75000	-1.045079	-99.686554
89	0.789957	75000	-1.044014	-100.730568
90	0.787789	75000	-1.041210	-101.771778
91	0.785624	75000	-1.039271	-102.811048
92	0.783463	75000	-1.039215	-103.850263
93	0.781305	75000	-1.037227	-104.887491
94	0.779151	75000	-1.034402	-105.921893
95	0.777000	75000	-1.033214	-106.955106
96	0.774853	75000	-1.030438	-107.985544
97	0.772710	75000	-1.030601	-109.016146
98	0.770570	75000	-1.027223	-110.043369
99	0.768433	75000	-1.025531	-111.068900
100	0.766301	75000	-1.025256	-112.094156
101	0.764172	75000	-1.023033	-113.117189
102	0.762046	75000	-1.021136	-114.138325
103	0.759924	75000	-1.019232	-115.157556
104	0.757805	75000	-1.018410	-116.175966
105	0.755690	75000	-1.016302	-117.192269
106	0.753579	75000	-1.014509	-118.206778
107	0.751471	75000	-1.012729	-119.219507
108	0.749366	75000	-1.011640	-120.231148
109	0.747266	75000	-1.009687	-121.240835
110	0.745168	75000	-1.007371	-122.248207
111	0.743075	75000	-1.005439	-123.253645
112	0.740984	75000	-1.004684	-124.258330
113	0.738898	75000	-1.001676	-125.260006
114	0.736815	75000	-1.001468	-126.261474
115	0.734735	75000	-0.999899	-127.261372
116	0.732659	75000	-0.998355	-128.259727
117	0.730586	75000	-0.996135	-129.255862
118	0.728517	75000	-0.993667	-130.249529
119	0.726452	75000	-0.992701	-131.242229
120	0.724390	75000	-0.991302	-132.233531
121	0.722331	75000	-0.989306	-133.222837
122	0.720276	75000	-0.986935	-134.209772
123	0.718225	75000	-0.985385	-135.195157
124	0.716177	75000	-0.984944	-136.180100
125	0.714132	75000	-0.983071	-137.163172
126	0.712091	75000	-0.982795	-138.145967
127	0.710054	75000	-0.979561	-139.125528
128	0.708020	75000	-0.977202	-140.102729
129	0.705989	75000	-0.976610	-141.079340
130	0.703962	75000	-0.974513	-142.053852
131	0.701939	75000	-0.972679	-143.026531
132	0.699919	75000	-0.971859	-143.998390
133	0.697902	75000	-0.970012	-144.968403
134	0.695889	75000	-0.968493	-145.936895
135	0.693880	75000	-0.965650	-146.902545
136	0.691874	75000	-0.964291	-147.866836
137	0.689871	75000	-0.962346	-148.829183
138	0.687872	75000	-0.961429	-149.790612
139	0.685877	75000	-0.959837	-150.750449
140	0.683885	75000	-0.958295	-151.708743
141	0.681896	75000	-0.955720	-152.664463
142	0.679911	75000	-0.954345	-153.618808
143	0.677929	75000	-0.953782	-154.572590
144	0.675951	75000	-0.952037	-155.524627
145	0.673976	75000	-0.949152	-156.473779
146	0.672005	75000	-0.947601	-157.421379
147	0.670037	75000	-0.946957	-158.368336
148	0.668073	75000	-0.944960	-159.313296
149	0.666112	75000	-0.943314	-160.256610
150	0.664155	75000	-0.941985	-161.198595
151	0.662201	75000	-0.939911	-162.138506
152	0.660250	75000	-0.938313	-163.076819
153	0.658303	75000	-0.936201	-164.013020
154	0.656359	75000	-0.936227	-164.949247
155	0.654419	75000	-0.933715	-165.882962
156	0.652483	75000	-0.932681	-166.815643
157	0.650549	75000	-0.930578	-167.746222
158	0.648619	75000	-0.928133	-168.674355
159	0.646693	75000	-0.927078	-169.601433
160	0.644770	75000	-0.925706	-170.527139
161	0.642851	75000	-0.924955	-171.452094
162	0.640934	75000	-0.921862	-172.373956
163	0.639022	75000	-0.921524	-173.295480
164	0.637113	75000	-0.919199	-174.214679
165	0.635207	75000	-0.918262	-175.132941
166	0.633304	75000	-0.916908	-176.049849
167	0.631405	75000	-0.913768	-176.963617
168	0.629510	75000	-0.912104	-177.875720
169	0.627618	75000	-0.910945	-178.786666
170	0.625729	75000	-0.909221	-179.695887
171	0.623844	75000	-0.907735	-180.603622
172	0.621962	75000	-0.906504	-181.510126
173	0.620083	75000	-0.904790	-182.414916
174	0.618208	75000	-0.903336	-183.318252
175	0.616337	75000	-0.901665	-184.219917
176	0.614468	75000	-0.899308	-185.119225
177	0.612604	75000	-0.898727	-186.017952
178	0.610742	75000	-0.896555	-186.914507
179	0.608884	75000	-0.896191	-187.810697
180	0.607029	75000	-0.894203	-188.704901
181	0.605178	75000	-0.891867	-189.596768
182	0.603330	75000	-0.890255	-190.487023
183	0.601486	75000	-0.888164	-191.375187
184	0.599645	75000	-0.887089	-192.262276
185	0.597807	75000	-0.885311	-193.147587
186	0.595973	75000	-0.884607	-194.032193
187	0.594142	75000	-0.883309	-194.915502
188	0.592314	75000	-0.880927	-195.796429
189	0.590490	75000	-0.879099	-196.675529
190	0.588669	75000	-0.877931	-197.553460
191	0.586852	75000	-0.875654	-198.429113
192	0.585038	75000	-0.874380	-199.303494
193	0.583227	75000	-0.872781	-200.176274
194	0.581420	75000	-0.870777	-201.047051
195	0.579616	75000	-0.869071	-201.916122
196	0.577815	75000	-0.868070	-202.784192
197	0.576018	75000	-0.867142	-203.651334
198	0.574224	75000	-0.864963	-204.516297
199	0.572433	75000	-0.863303	-205.379601
200	0.570646	75000	-0.861887	-206.241488
201	0.568862	75000	-0.860250	-207.101739
202	0.567082	75000	-0.858125	-207.959864
203	0.565305	75000	-0.856880	-208.816744
204	0.563531	75000	-0.855514	-209.672258
205	0.561761	75000	-0.853605	-210.525863
206	0.559993	75000	-0.852038	-211.377901
207	0.558230	75000	-0.850801	-212.228703
208	0.556469	75000	-0.848753	-213.077455
209	0.554712	75000	-0.848274	-213.925729
210	0.552958	75000	-0.845867	-214.771596
211	0.551208	75000	-0.845020	-215.616617
212	0.549461	75000	-0.842602	-216.459218
213	0.547717	75000	-0.841871	-217.301089
214	0.545977	75000	-0.839619	-218.140707
215	0.544240	75000	-0.838406	-218.979114
216	0.542506	75000	-0.836783	-219.815897
217	0.540775	75000	-0.834485	-220.650382
218	0.539048	75000	-0.833724	-221.484107
219	0.537324	75000	-0.831656	-222.315762
220	0.535604	75000	-0.830088	-223.145850
221	0.533887	75000	-0.828716	-223.974566
222	0.532173	75000	-0.827467	-224.802033
223	0.530462	75000	-0.825852	-225.627885
224	0.528755	75000	-0.824210	-226.452095
225	0.527051	75000	-0.822662	-227.274757
226	0.525350	75000	-0.821080	-228.095837
227	0.523653	75000	-0.819056	-228.914893
228	0.521958	75000	-0.817712	-229.732606
229	0.520268	75000	-0.816520	-230.549126
230	0.518580	75000	-0.814769	-231.363895
231	0.516896	75000	-0.812781	-232.176675
232	0.515215	75000	-0.811582	-232.988257
233	0.513537	75000	-0.809886	-233.798143
234	0.511863	75000	-0.809495	-234.607637
235	0.510192	75000	-0.806708	-235.414346
236	0.508524	75000	-0.805311	-236.219657
237	0.506859	75000	-0.804029	-237.023686
238	0.505198	75000	-0.801907	-237.825594
239	0.503540	75000	-0.800904	-238.626497
240	0.501885	75000	-0.799671	-239.426168
241	0.500234	75000	-0.798099	-240.224267
242	0.498586	75000	-0.796334	-241.020601
243	0.496941	75000	-0.794566	-241.815167
244	0.495299	75000	-0.792571	-242.607738
245	0.493660	75000	-0.791450	-243.399188
246	0.492025	75000	-0.790582	-244.189770
247	0.490393	75000	-0.788629	-244.978399
248	0.488765	75000	-0.786756	-245.765155
249	0.487139	75000	-0.785565	-246.550720
250	0.485517	75000	-0.783955	-247.334675
251	0.483898	75000	-0.782606	-248.117282
252	0.482283	75000	-0.780413	-248.897695
253	0.480670	75000	-0.779428	-249.677124
254	0.479061	75000	-0.778031	-250.455154
255	0.477455	75000	-0.775526	-251.230680
256	0.475852	75000	-0.774792	-252.005473
257	0.474253	75000	-0.773352	-252.778825
258	0.472656	75000	-0.771817	-253.550641
259	0.471063	75000	-0.770550	-254.321191
260	0.469474	75000	-0.769010	-255.090202
261	0.467887	75000	-0.766989	-255.857191
262	0.466304	75000	-0.765439	-256.622630
263	0.464723	75000	-0.763839	-257.386469
264	0.463146	75000	-0.762728	-258.149198
265	0.461573	75000	-0.761016	-258.910214
266	0.460002	75000	-0.759904	-259.670118
267	0.458435	75000	-0.758047	-260.428165
268	0.456871	75000	-0.756517	-261.184682
269	0.455310	75000	-0.755032	-261.939714
270	0.453752	75000	-0.753576	-262.693290
271	0.452198	75000	-0.751673	-263.444964
272	0.450647	75000	-0.750695	-264.195659
273	0.449098	75000	-0.749433	-264.945092
274	0.447554	75000	-0.747606	-265.692697
275	0.446012	75000	-0.745536	-266.438233
276	0.444473	75000	-0.744266	-267.182499
277	0.442938	75000	-0.742480	-267.924980
278	0.441406	75000	-0.741521	-268.666501
279	0.439877	75000	-0.739772	-269.406273
280	0.438351	75000	-0.738188	-270.144461
281	0.436829	75000	-0.736653	-270.881114
282	0.435309	75000	-0.735924	-271.617038
283	0.433793	75000	-0.734184	-272.351222
284	0.432280	75000	-0.732747	-273.083968
285	0.430770	75000	-0.730346	-273.814315
286	0.429263	75000	-0.728629	-274.542944
287	0.427760	75000	-0.728146	-275.271089
288	0.426259	75000	-0.726431	-275.997520
289	0.424762	75000	-0.724942	-276.722463
290	0.423268	75000	-0.723669	-277.446132
291	0.421777	75000	-0.722397	-278.168529
292	0.420289	75000	-0.720384	-278.888912
293	0.418805	75000	-0.719106	-279.608018
294	0.417323	75000	-0.717877	-280.325896
295	0.415845	75000	-0.715754	-281.041649
296	0.414370	75000	-0.714842	-281.756491
297	0.412898	75000	-0.712701	-282.469192
298	0.411429	75000	-0.711603	-283.180795
299	0.409963	75000	-0.710280	-283.891075
300	0.408501	75000	-0.708110	-284.599184
301	0.407041	75000	-0.707594	-285.306778
302	0.405585	75000	-0.705686	-286.012464
303	0.404132	75000	-0.704519	-286.716983
304	0.402682	75000	-0.702410	-287.419393
305	0.401235	75000	-0.700918	-288.120311
306	0.399791	75000	-0.699470	-288.819780
307	0.398350	75000	-0.698113	-289.517894
308	0.396913	75000	-0.696599	-290.214493
309	0.395478	75000	-0.695487	-290.909980
310	0.394047	75000	-0.693828	-291.603808
311	0.392619	75000	-0.692204	-292.296012
312	0.391194	75000	-0.690882	-292.986894
313	0.389772	75000	-0.689215	-293.676109
314	0.388353	75000	-0.687387	-294.363496
315	0.386937	75000	-0.685950	-295.049447
316	0.385524	75000	-0.684941	-295.734388
317	0.384115	75000	-0.683844	-296.418232
318	0.382708	75000	-0.682021	-297.100253
319	0.381305	75000	-0.680420	-297.780673
320	0.379904	75000	-0.679002	-298.459675
321	0.378507	75000	-0.677728	-299.137403
322	0.377113	75000	-0.676220	-299.813622
323	0.375722	75000	-0.674467	-300.488090
324	0.374334	75000	-0.672948	-301.161037
325	0.372949	75000	-0.671760	-301.832797
326	0.371567	75000	-0.670505	-302.503302
327	0.370189	75000	-0.668861	-303.172163
328	0.368813	75000	-0.667595	-303.839758
329	0.367440	75000	-0.665951	-304.505709
330	0.366071	75000	-0.664234	-305.169943
331	0.364705	75000	-0.662965	-305.832908
332	0.363341	75000	-0.661830	-306.494738
333	0.361981	75000	-0.660390	-307.155128
334	0.360624	75000	-0.658622	-307.813750
335	0.359269	75000	-0.657100	-308.470850
336	0.357918	75000	-0.655722	-309.126572
337	0.356570	75000	-0.654271	-309.780844
338	0.355225	75000	-0.652785	-310.433628
339	0.353883	75000	-0.651547	-311.085175
340	0.352544	75000	-0.649927	-311.735102
341	0.351208	75000	-0.648753	-312.383855
342	0.349875	75000	-0.647013	-313.030867
343	0.348546	75000	-0.645633	-313.676501
344	0.347219	75000	-0.644080	-314.320581
345	0.345895	75000	-0.642919	-314.963500
346	0.344574	75000	-0.641434	-315.604934
347	0.343257	75000	-0.639713	-316.244647
348	0.341942	75000	-0.638345	-316.882992
349	0.340630	75000	-0.637387	-317.520379
350	0.339322	75000	-0.635930	-318.156310
351	0.338016	75000	-0.634357	-318.790667
352	0.336714	75000	-0.632686	-319.423353
353	0.335414	75000	-0.631379	-320.054732
354	0.334118	75000	-0.629813	-320.684545
355	0.332824	75000	-0.628181	-321.312726
356	0.331534	75000	-0.627001	-321.939726
357	0.330246	75000	-0.625866	-322.565593
358	0.328962	75000	-0.623889	-323.189482
359	0.327680	75000	-0.622857	-323.812339
360	0.326401	75000	-0.621244	-324.433584
361	0.325126	75000	-0.620180	-325.053764
362	0.323853	75000	-0.618580	-325.672344
363	0.322584	75000	-0.616942	-326.289286
364	0.321317	75000	-0.615642	-326.904928
365	0.320054	75000	-0.614392	-327.519320
366	0.318793	75000	-0.612887	-328.132206
367	0.317536	75000	-0.611237	-328.743443
368	0.316281	75000	-0.609923	-329.353366
369	0.315030	75000	-0.608619	-329.961985
370	0.313781	75000	-0.607335	-330.569320
371	0.312535	75000	-0.605721	-331.175041
372	0.311293	75000	-0.603987	-331.779028
373	0.310053	75000	-0.602913	-332.381940
374	0.308816	75000	-0.601622	-332.983563
375	0.307582	75000	-0.600180	-333.583742
376	0.306352	75000	-0.598591	-334.182334
377	0.305124	75000	-0.597374	-334.779708
378	0.303899	75000	-0.596076	-335.375784
379	0.302677	75000	-0.594404	-335.970188
380	0.301458	75000	-0.593128	-336.563316
381	0.300242	75000	-0.591611	-337.154928
382	0.299029	75000	-0.590455	-337.745383
383	0.297819	75000	-0.588996	-338.334379
384	0.296611	75000	-0.587434	-338.921813
385	0.295407	75000	-0.586009	-339.507822
386	0.294206	75000	-0.584455	-340.092277
387	0.293007	75000	-0.583620	-340.675897
388	0.291812	75000	-0.581884	-341.257781
389	0.290619	75000	-0.580512	-341.838293
390	0.289430	75000	-0.579278	-342.417571
391	0.288243	75000	-0.577507	-342.995078
392	0.287059	75000	-0.576380	-343.571458
393	0.285879	75000	-0.574889	-344.146347
394	0.284701	75000	-0.573613	-344.719960
395	0.283526	75000	-0.572182	-345.292142
396	0.282354	75000	-0.570639	-345.862781
397	0.281184	75000	-0.569409	-346.432190
398	0.280018	75000	-0.567992	-347.000181
399	0.278855	75000	-0.566534	-347.566715
400	0.277694	75000	-0.565095	-348.131811
401	0.276537	75000	-0.563828	-348.695639
402	0.275382	75000	-0.562648	-349.258287
403	0.274230	75000	-0.561242	-349.819528
404	0.273082	75000	-0.559629	-350.379157
405	0.271936	75000	-0.558259	-350.937416
406	0.270793	75000	-0.556748	-351.494164
407	0.269652	75000	-0.555765	-352.049929
408	0.268515	75000	-0.554234	-352.604163
409	0.267381	75000	-0.552922	-353.157085
410	0.266249	75000	-0.551491	-353.708577
411	0.265121	75000	-0.549992	-354.258568
412	0.263995	75000	-0.548804	-354.807372
413	0.262872	75000	-0.547478	-355.354851
414	0.261752	75000	-0.546124	-355.900975
415	0.260635	75000	-0.544581	-356.445556
416	0.259520	75000	-0.543022	-356.988578
417	0.258409	75000	-0.541948	-357.530525
418	0.257300	75000	-0.540565	-358.071090
419	0.256195	75000	-0.539079	-358.610169
420	0.255092	75000	-0.537899	-359.148068
421	0.253992	75000	-0.536350	-359.684417
422	0.252895	75000	-0.535258	-360.219675
423	0.251800	75000	-0.533992	-360.753668
424	0.250709	75000	-0.532490	-361.286157
425	0.249620	75000	-0.530964	-361.817122
426	0.248534	75000	-0.529726	-362.346848
427	0.247451	75000	-0.528632	-362.875480
428	0.246371	75000	-0.527033	-363.402513
429	0.245294	75000	-0.525522	-363.928035
430	0.244220	75000	-0.524583	-364.452618
431	0.243148	75000	-0.522700	-364.975318
432	0.242079	75000	-0.521641	-365.496959
433	0.241013	75000	-0.520249	-366.017208
434	0.239950	75000	-0.518782	-366.535990
435	0.238890	75000	-0.517426	-367.053416
436	0.237832	75000	-0.516381	-367.569796
437	0.236778	75000	-0.515007	-368.084804
438	0.235726	75000	-0.513536	-368.598340
439	0.234677	75000	-0.512056	-369.110396
440	0.233630	75000	-0.511031	-369.621427
441	0.232587	75000	-0.509515	-370.130943
442	0.231546	75000	-0.508081	-370.639024
443	0.230509	75000	-0.506876	-371.145900
444	0.229473	75000	-0.505543	-371.651443
445	0.228441	75000	-0.504439	-372.155882
446	0.227412	75000	-0.503019	-372.658901
447	0.226385	75000	-0.501512	-373.160413
448	0.225361	75000	-0.500250	-373.660663
449	0.224340	75000	-0.499019	-374.159683
450	0.223322	75000	-0.497776	-374.657459
451	0.222306	75000	-0.496347	-375.153807
452	0.221293	75000	-0.494967	-375.648773
453	0.220283	75000	-0.493638	-376.142411
454	0.219276	75000	-0.492597	-376.635008
455	0.218272	75000	-0.491054	-377.126062
456	0.217270	75000	-0.489635	-377.615697
457	0.216271	75000	-0.488398	-378.104095
458	0.215275	75000	-0.487081	-378.591176
459	0.214281	75000	-0.485639	-379.076816
460	0.213291	75000	-0.484351	-379.561167
461	0.212303	75000	-0.483316	-380.044483
462	0.211318	75000	-0.481893	-380.526376
463	0.210335	75000	-0.480356	-381.006732
464	0.209356	75000	-0.479201	-381.485934
465	0.208379	75000	-0.478049	-381.963982
466	0.207404	75000	-0.476390	-382.440372
467	0.206433	75000	-0.475575	-382.915947
468	0.205464	75000	-0.473969	-383.389916
469	0.204498	75000	-0.472620	-383.862536
470	0.203535	75000	-0.471338	-384.333874
471	0.202575	75000	-0.470118	-384.803993
472	0.201617	75000	-0.468726	-385.272719
473	0.200662	75000	-0.467532	-385.740251
474	0.199709	75000	-0.466023	-386.206275
475	0.198760	75000	-0.464715	-386.670990
476	0.197813	75000	-0.463486	-387.134475
477	0.196869	75000	-0.462335	-387.596811
478	0.195927	75000	-0.461150	-388.057960
479	0.194988	75000	-0.459598	-388.517558
480	0.194052	75000	-0.458301	-388.975859
481	0.193119	75000	-0.457128	-389.432988
482	0.192188	75000	-0.455836	-389.888824
483	0.191260	75000	-0.454598	-390.343422
484	0.190335	75000	-0.453240	-390.796661
485	0.189412	75000	-0.451965	-391.248626
486	0.188492	75000	-0.450617	-391.699243
487	0.187575	75000	-0.449481	-392.148724
488	0.186660	75000	-0.447921	-392.596646
489	0.185749	75000	-0.446990	-393.043635
490	0.184839	75000	-0.445625	-393.489261
491	0.183933	75000	-0.444252	-393.933513
492	0.183029	75000	-0.443105	-394.376617
493	0.182128	75000	-0.441738	-394.818355
494	0.181229	75000	-0.440479	-395.258834
495	0.180333	75000	-0.439361	-395.698195
496	0.179440	75000	-0.437991	-396.136186
497	0.178550	75000	-0.436645	-396.572831
498	0.177662	75000	-0.435379	-397.008210
499	0.176777	75000	-0.434186	-397.442396
500	0.175894	75000	-0.432924	-397.875320
501	0.175014	75000	-0.431705	-398.307025
502	0.174137	75000	-0.430447	-398.737472
503	0.173262	75000	-0.429014	-399.166486
504	0.172390	75000	-0.427798	-399.594285
505	0.171521	75000	-0.426626	-400.020911
506	0.170654	75000	-0.425426	-400.446337
507	0.169790	75000	-0.424144	-400.870481
508	0.168929	75000	-0.422809	-401.293290
509	0.168070	75000	-0.421652	-401.714942
510	0.167214	75000	-0.420358	-402.135300
511	0.166360	75000	-0.419090	-402.554390
512	0.165509	75000	-0.417765	-402.972155
513	0.164661	75000	-0.416478	-403.388633
514	0.163815	75000	-0.415370	-403.804002
515	0.162972	75000	-0.414028	-404.218031
516	0.162132	75000	-0.412690	-404.630720
517	0.161294	75000	-0.411440	-405.042161
518	0.160458	75000	-0.410409	-405.452570
519	0.159626	75000	-0.409252	-405.861822
520	0.158796	75000	-0.408015	-406.269836
521	0.157968	75000	-0.406660	-406.676497
522	0.157143	75000	-0.405491	-407.081987
523	0.156321	75000	-0.404117	-407.486104
524	0.155501	75000	-0.403089	-407.889194
525	0.154684	75000	-0.401712	-408.290906
526	0.153870	75000	-0.400584	-408.691489
527	0.153058	75000	-0.399192	-409.090681
528	0.152248	75000	-0.398147	-409.488828
529	0.151441	75000	-0.397029	-409.885857
530	0.150637	75000	-0.395577	-410.281435
531	0.149835	75000	-0.394447	-410.675881
532	0.149036	75000	-0.393227	-411.069108
533	0.148240	75000	-0.391936	-411.461044
534	0.147446	75000	-0.390824	-411.851868
535	0.146654	75000	-0.389597	-412.241466
536	0.145865	75000	-0.388300	-412.629766
537	0.145079	75000	-0.387146	-413.016912
538	0.144295	75000	-0.385832	-413.402744
539	0.143514	75000	-0.384638	-413.787382
540	0.142735	75000	-0.383408	-414.170790
541	0.141959	75000	-0.382215	-414.553005
542	0.141186	75000	-0.380880	-414.933885
543	0.140415	75000	-0.379967	-415.313852
544	0.139646	75000	-0.378519	-415.692371
545	0.138880	75000	-0.377589	-416.069960
546	0.138116	75000	-0.376121	-416.446081
547	0.137356	75000	-0.375115	-416.821196
548	0.136597	75000	-0.373740	-417.194936
549	0.135841	75000	-0.372713	-417.567649
550	0.135088	75000	-0.371445	-417.939094
551	0.134337	75000	-0.370280	-418.309374
552	0.133588	75000	-0.368992	-418.678366
553	0.132843	75000	-0.367744	-419.046110
554	0.132099	75000	-0.366635	-419.412745
555	0.131358	75000	-0.365458	-419.778204
556	0.130620	75000	-0.364267	-420.142470
557	0.129884	75000	-0.363237	-420.505708
558	0.129151	75000	-0.361654	-420.867362
559	0.128420	75000	-0.360974	-421.228336
560	0.127691	75000	-0.359780	-421.588117
561	0.126965	75000	-0.358368	-421.946485
562	0.126242	75000	-0.357167	-422.303651
563	0.125521	75000	-0.355985	-422.659637
564	0.124802	75000	-0.354657	-423.014293
565	0.124086	75000	-0.353673	-423.367966
566	0.123373	75000	-0.352602	-423.720568
567	0.122662	75000	-0.351195	-424.071763
568	0.121953	75000	-0.350095	-424.421858
569	0.121247	75000	-0.348927	-424.770785
570	0.120543	75000	-0.347785	-425.118570
571	0.119842	75000	-0.346457	-425.465027
572	0.119143	75000	-0.345702	-425.810729
573	0.118447	75000	-0.344374	-426.155103
574	0.117753	75000	-0.343144	-426.498247
575	0.117062	75000	-0.341870	-426.840116
576	0.116373	75000	-0.340782	-427.180898
577	0.115686	75000	-0.339673	-427.520571
578	0.115002	75000	-0.338507	-427.859078
579	0.114320	75000	-0.337222	-428.196300
580	0.113641	75000	-0.336164	-428.532464
581	0.112964	75000	-0.334793	-428.867256
582	0.112290	75000	-0.333779	-429.201035
583	0.111618	75000	-0.332719	-429.533754
584	0.110948	75000	-0.331491	-429.865245
585	0.110281	75000	-0.330394	-430.195640
586	0.109616	75000	-0.329326	-430.524966
587	0.108954	75000	-0.328196	-430.853162
588	0.108294	75000	-0.326848	-431.180010
589	0.107637	75000	-0.325864	-431.505874
590	0.106981	75000	-0.324666	-431.830540
591	0.106329	75000	-0.323522	-432.154062
592	0.105678	75000	-0.322688	-432.476750
593	0.105030	75000	-0.321212	-432.797962
594	0.104385	75000	-0.320202	-433.118164
595	0.103742	75000	-0.319154	-433.437318
596	0.103101	75000	-0.317910	-433.755227
597	0.102463	75000	-0.316854	-434.072081
598	0.101827	75000	-0.315706	-434.387787
599	0.101193	75000	-0.314549	-434.702336
600	0.100562	75000	-0.313590	-435.015927
601	0.099933	75000	-0.312202	-435.328129
602	0.099306	75000	-0.311060	-435.639189
603	0.098682	75000	-0.310000	-435.949188
604	0.098060	75000	-0.308806	-436.257994
605	0.097441	75000	-0.307826	-436.565820
606	0.096824	75000	-0.306740	-436.872560
607	0.096209	75000	-0.305536	-437.178096
608	0.095596	75000	-0.304444	-437.482540
609	0.094986	75000	-0.303206	-437.785746
610	0.094379	75000	-0.302378	-438.088124
611	0.093773	75000	-0.300963	-438.389087
612	0.093170	75000	-0.300249	-438.689336
613	0.092570	75000	-0.298848	-438.988184
614	0.091971	75000	-0.297803	-439.285987
615	0.091375	75000	-0.296813	-439.582800
616	0.090781	75000	-0.295561	-439.878361
617	0.090190	75000	-0.294374	-440.172735
618	0.089601	75000	-0.293501	-440.466236
619	0.089014	75000	-0.292168	-440.758404
620	0.088430	75000	-0.291045	-441.049449
621	0.087848	75000	-0.290319	-441.339768
622	0.087268	75000	-0.289014	-441.628782
623	0.086690	75000	-0.288018	-441.916800
624	0.086115	75000	-0.286770	-442.203570
625	0.085542	75000	-0.285666	-442.489236
626	0.084971	75000	-0.284714	-442.773950
627	0.084403	75000	-0.283486	-443.057436
628	0.083837	75000	-0.282537	-443.339973
629	0.083273	75000	-0.281669	-443.621642
630	0.082712	75000	-0.280474	-443.902116
631	0.082152	75000	-0.279218	-444.181335
632	0.081595	75000	-0.278333	-444.459668
633	0.081041	75000	-0.277246	-444.736914
634	0.080488	75000	-0.276135	-445.013049
635	0.079938	75000	-0.274960	-445.288009
636	0.079390	75000	-0.274145	-445.562154
637	0.078845	75000	-0.272889	-445.835043
638	0.078301	75000	-0.271926	-446.106969
639	0.077760	75000	-0.270827	-446.377796
640	0.077221	75000	-0.269706	-446.647502
641	0.076684	75000	-0.268960	-446.916462
642	0.076150	75000	-0.267471	-447.183933
643	0.075618	75000	-0.266903	-447.450836
644	0.075088	75000	-0.265519	-447.716355
645	0.074560	75000	-0.264512	-447.980868
646	0.074035	75000	-0.263550	-448.244417
647	0.073512	75000	-0.262336	-448.506753
648	0.072991	75000	-0.261254	-448.768007
649	0.072472	75000	-0.260322	-449.028329
650	0.071955	75000	-0.259103	-449.287432
651	0.071441	75000	-0.258558	-449.545990
652	0.070929	75000	-0.257065	-449.803055
653	0.070419	75000	-0.256354	-450.059410
654	0.069911	75000	-0.255375	-450.314785
655	0.069406	75000	-0.253990	-450.568775
656	0.068903	75000	-0.253315	-450.822090
657	0.068401	75000	-0.252173	-451.074263
658	0.067903	75000	-0.251367	-451.325630
659	0.067406	75000	-0.250110	-451.575740
660	0.066911	75000	-0.249158	-451.824898
661	0.066419	75000	-0.248411	-452.073309
662	0.065929	75000	-0.246920	-452.320228
663	0.065441	75000	-0.245762	-452.565991
664	0.064955	75000	-0.245145	-452.811135
665	0.064471	75000	-0.243909	-453.055045
666	0.063990	75000	-0.242897	-453.297942
667	0.063510	75000	-0.241855	-453.539797
668	0.063033	75000	-0.240947	-453.780744
669	0.062558	75000	-0.240047	-454.020791
670	0.062085	75000	-0.238827	-454.259618
671	0.061615	75000	-0.238141	-454.497758
672	0.061146	75000	-0.237034	-454.734792
673	0.060680	75000	-0.236157	-454.970950
674	0.060216	75000	-0.234971	-455.205921
675	0.059753	75000	-0.234055	-455.439976
676	0.059293	75000	-0.232805	-455.672781
677	0.058836	75000	-0.232120	-455.904901
678	0.058380	75000	-0.230924	-456.135826
679	0.057926	75000	-0.230022	-456.365847
680	0.057475	75000	-0.229155	-456.595002
681	0.057025	75000	-0.227841	-456.822843
682	0.056578	75000	-0.226997	-457.049840
683	0.056133	75000	-0.226222	-457.276062
684	0.055690	75000	-0.224999	-457.501061
685	0.055249	75000	-0.224292	-457.725352
686	0.054810	75000	-0.223438	-457.948791
687	0.054373	75000	-0.222310	-458.171101
688	0.053939	75000	-0.221559	-458.392660
689	0.053506	75000	-0.220429	-458.613089
690	0.053076	75000	-0.219170	-458.832259
691	0.052647	75000	-0.218614	-459.050874
692	0.052221	75000	-0.217501	-459.268375
693	0.051797	75000	-0.216948	-459.485322
694	0.051375	75000	-0.215478	-459.700800
695	0.050955	75000	-0.214448	-459.915248
696	0.050537	75000	-0.214181	-460.129428
697	0.050121	75000	-0.212425	-460.341853
698	0.049707	75000	-0.211807	-460.553661
699	0.049295	75000	-0.210628	-460.764289
700	0.048885	75000	-0.210004	-460.974293
701	0.048478	75000	-0.209062	-461.183354
702	0.048072	75000	-0.208115	-461.391470
703	0.047668	75000	-0.207451	-461.598920
704	0.047267	75000	-0.206641	-461.805561
705	0.046867	75000	-0.205214	-462.010775
706	0.046470	75000	-0.204526	-462.215301
707	0.046074	75000	-0.203506	-462.418807
708	0.045681	75000	-0.202678	-462.621485
709	0.045289	75000	-0.201682	-462.823168
710	0.044900	75000	-0.200412	-463.023580
711	0.044512	75000	-0.199731	-463.223310
712	0.044127	75000	-0.198936	-463.422247
713	0.043744	75000	-0.197980	-463.620227
714	0.043362	75000	-0.196804	-463.817031
715	0.042983	75000	-0.196203	-464.013233
716	0.042606	75000	-0.195067	-464.208301
717	0.042230	75000	-0.194903	-464.403203
718	0.041857	75000	-0.193351	-464.596554
719	0.041485	75000	-0.192579	-464.789133
720	0.041116	75000	-0.191671	-464.980804
721	0.040749	75000	-0.190661	-465.171465
722	0.040383	75000	-0.190001	-465.361466
723	0.040020	75000	-0.189447	-465.550912
724	0.039658	75000	-0.188331	-465.739244
725	0.039299	75000	-0.187459	-465.926702
726	0.038941	75000	-0.186476	-466.113178
727	0.038585	75000	-0.186136	-466.299314
728	0.038232	75000	-0.185283	-466.484598
729	0.037880	75000	-0.184219	-466.668816
730	0.037530	75000	-0.183689	-466.852505
731	0.037182	75000	-0.182419	-467.034924
732	0.036836	75000	-0.181895	-467.216819
733	0.036493	75000	-0.180529	-467.397347
734	0.036151	75000	-0.180020	-467.577367
735	0.035810	75000	-0.179241	-467.756609
736	0.035472	75000	-0.177944	-467.934553
737	0.035136	75000	-0.177167	-468.111720
738	0.034802	75000	-0.176551	-468.288271
739	0.034469	75000	-0.175504	-468.463775
740	0.034139	75000	-0.174625	-468.638400
741	0.033810	75000	-0.174532	-468.812932
742	0.033484	75000	-0.173311	-468.986243
743	0.033159	75000	-0.172355	-469.158597
744	0.032836	75000	-0.171804	-469.330402
745	0.032515	75000	-0.170708	-469.501109
746	0.032196	75000	-0.170378	-469.671487
747	0.031879	75000	-0.169513	-469.841001
748	0.031563	75000	-0.168476	-470.009477
749	0.031250	75000	-0.167606	-470.177083
750	0.030938	75000	-0.167014	-470.344098
751	0.030629	75000	-0.166771	-470.510868
752	0.030321	75000	-0.165588	-470.676456
753	0.030015	75000	-0.164946	-470.841402
754	0.029711	75000	-0.163815	-471.005217
755	0.029409	75000	-0.163200	-471.168417
756	0.029108	75000	-0.162603	-471.331020
757	0.028810	75000	-0.162102	-471.493122
758	0.028513	75000	-0.161321	-471.654443
759	0.028218	75000	-0.161421	-471.815864
760	0.027925	75000	-0.159640	-471.975504
761	0.027634	75000	-0.159360	-472.134865
762	0.027345	75000	-0.159081	-472.293946
763	0.027057	75000	-0.158273	-472.452218
764	0.026771	75000	-0.157228	-472.609446
765	0.026487	75000	-0.156272	-472.765718
766	0.026205	75000	-0.156208	-472.921926
767	0.025925	75000	-0.155450	-473.077375
768	0.025647	75000	-0.154400	-473.231775
769	0.025370	75000	-0.154710	-473.386485
770	0.025095	75000	-0.152967	-473.539453
771	0.024822	75000	-0.152395	-473.691848
772	0.024551	75000	-0.152103	-473.843951
773	0.024281	75000	-0.151224	-473.995175
774	0.024014	75000	-0.150269	-474.145444
775	0.023748	75000	-0.149432	-474.294876
776	0.023483	75000	-0.149381	-474.444257
777	0.023221	75000	-0.147976	-474.592233
778	0.022960	75000	-0.147645	-474.739878
779	0.022702	75000	-0.148180	-474.888058
780	0.022445	75000	-0.146881	-475.034939
781	0.022189	75000	-0.146755	-475.181694
782	0.021936	75000	-0.146079	-475.327772
783	0.021684	75000	-0.144912	-475.472684
784	0.021434	75000	-0.145198	-475.617882
785	0.021185	75000	-0.144111	-475.761993
786	0.020939	75000	-0.143378	-475.905371
787	0.020694	75000	-0.143258	-476.048629
788	0.020451	75000	-0.142951	-476.191581
789	0.020209	75000	-0.142977	-476.334558
790	0.019969	75000	-0.142573	-476.477130
791	0.019731	75000	-0.140740	-476.617871
792	0.019495	75000	-0.140246	-476.758117
793	0.019261	75000	-0.141296	-476.899414
794	0.019028	75000	-0.141363	-477.040777
795	0.018796	75000	-0.139203	-477.179980
796	0.018567	75000	-0.139706	-477.319685
797	0.018339	75000	-0.138725	-477.458411
798	0.018113	75000	-0.138287	-477.596698
799	0.017889	75000	-0.139061	-477.735759
800	0.017666	75000	-0.138630	-477.874389
801	0.017445	75000	-0.138027	-478.012415
802	0.017225	75000	-0.137759	-478.150174
803	0.017007	75000	-0.136638	-478.286812
804	0.016791	75000	-0.136274	-478.423087
805	0.016577	75000	-0.136578	-478.559664
806	0.016364	75000	-0.136374	-478.696038
807	0.016153	75000	-0.133948	-478.829986
808	0.015943	75000	-0.134586	-478.964573
809	0.015736	75000	-0.133325	-479.097897
810	0.015529	75000	-0.133751	-479.231648
811	0.015325	75000	-0.134859	-479.366507
812	0.015122	75000	-0.131989	-479.498496
813	0.014920	75000	-0.133503	-479.631999
814	0.014721	75000	-0.132620	-479.764619
815	0.014523	75000	-0.131949	-479.896568
816	0.014326	75000	-0.132117	-480.028686
817	0.014131	75000	-0.132196	-480.160882
818	0.013938	75000	-0.130713	-480.291595
819	0.013746	75000	-0.131313	-480.422908
820	0.013556	75000	-0.130905	-480.553813
821	0.013367	75000	-0.130107	-480.683920
822	0.013181	75000	-0.129838	-480.813759
823	0.012995	75000	-0.129862	-480.943621
824	0.012811	75000	-0.128697	-481.072318
825	0.012629	75000	-0.128601	-481.200919
826	0.012448	75000	-0.128134	-481.329053
827	0.012269	75000	-0.127965	-481.457018
828	0.012092	75000	-0.127651	-481.584669
829	0.011916	75000	-0.127022	-481.711691
830	0.011741	75000	-0.126311	-481.838003
831	0.011568	75000	-0.124710	-481.962712
832	0.011397	75000	-0.125242	-482.087954
833	0.011227	75000	-0.125051	-482.213005
834	0.011059	75000	-0.123994	-482.336999
835	0.010892	75000	-0.123451	-482.460450
836	0.010727	75000	-0.123083	-482.583532
837	0.010563	75000	-0.122407	-482.705939
838	0.010401	75000	-0.121888	-482.827827
839	0.010240	75000	-0.121578	-482.949405
840	0.010081	75000	-0.119958	-483.069363
841	0.009923	75000	-0.119751	-483.189114
842	0.009767	75000	-0.119603	-483.308717
843	0.009612	75000	-0.119298	-483.428014
844	0.009459	75000	-0.119146	-483.547160
845	0.009307	75000	-0.116060	-483.663220
846	0.009156	75000	-0.117005	-483.780225
847	0.009008	75000	-0.116850	-483.897075
848	0.008860	75000	-0.115906	-484.012982
849	0.008714	75000	-0.115445	-484.128427
850	0.008570	75000	-0.115965	-484.244392
851	0.008427	75000	-0.113840	-484.358232
852	0.008285	75000	-0.113017	-484.471249
853	0.008145	75000	-0.111949	-484.583197
854	0.008006	75000	-0.111787	-484.694984
855	0.007869	75000	-0.110790	-484.805775
856	0.007733	75000	-0.109945	-484.915719
857	0.007598	75000	-0.109589	-485.025308
858	0.007465	75000	-0.108433	-485.133741
859	0.007334	75000	-0.106737	-485.240478
860	0.007203	75000	-0.106294	-485.346772
861	0.007075	75000	-0.106049	-485.452821
862	0.006947	75000	-0.105181	-485.558002
863	0.006821	75000	-0.103239	-485.661241
864	0.006696	75000	-0.102511	-485.763752
865	0.006573	75000	-0.102744	-485.866496
866	0.006451	75000	-0.101657	-485.968153
867	0.006330	75000	-0.100593	-486.068746
868	0.006211	75000	-0.099439	-486.168185
869	0.006093	75000	-0.099072	-486.267258
870	0.005977	75000	-0.097490	-486.364747
871	0.005862	75000	-0.096946	-486.461693
872	0.005748	75000	-0.096355	-486.558048
873	0.005635	75000	-0.095368	-486.653416
874	0.005524	75000	-0.094355	-486.747771
875	0.005414	75000	-0.092770	-486.840542
876	0.005306	75000	-0.091801	-486.932342
877	0.005199	75000	-0.091222	-487.023564
878	0.005093	75000	-0.090302	-487.113866
879	0.004988	75000	-0.089249	-487.203115
880	0.004885	75000	-0.088392	-487.291507
881	0.004783	75000	-0.087329	-487.378836
882	0.004682	75000	-0.086498	-487.465334
883	0.004583	75000	-0.085601	-487.550935
884	0.004485	75000	-0.084630	-487.635565
885	0.004388	75000	-0.083610	-487.719175
886	0.004292	75000	-0.082571	-487.801746
887	0.004198	75000	-0.081594	-487.883340
888	0.004105	75000	-0.080682	-487.964023
889	0.004013	75000	-0.080076	-488.044099
890	0.003923	75000	-0.078779	-488.122878
891	0.003833	75000	-0.078052	-488.200930
892	0.003745	75000	-0.076870	-488.277800
893	0.003658	75000	-0.076256	-488.354055
894	0.003573	75000	-0.074887	-488.428942
895	0.003488	75000	-0.074079	-488.503020
896	0.003405	75000	-0.072915	-488.575936
897	0.003323	75000	-0.072274	-488.648209
898	0.003242	75000	-0.070924	-488.719133
899	0.003162	75000	-0.070334	-488.789467
900	0.003084	75000	-0.069156	-488.858624
901	0.003007	75000	-0.068103	-488.926726
902	0.002930	75000	-0.067577	-488.994304
903	0.002855	75000	-0.066436	-489.060740
904	0.002782	75000	-0.065318	-489.126058
905	0.002709	75000	-0.064399	-489.190457
906	0.002638	75000	-0.063474	-489.253931
907	0.002567	75000	-0.062691	-489.316622
908	0.002498	75000	-0.061438	-489.378060
909	0.002430	75000	-0.060459	-489.438519
910	0.002363	75000	-0.059560	-489.498079
911	0.002297	75000	-0.058667	-489.556747
912	0.002233	75000	-0.057824	-489.614571
913	0.002169	75000	-0.056689	-489.671260
914	0.002106	75000	-0.055790	-489.727050
915	0.002045	75000	-0.054931	-489.781981
916	0.001985	75000	-0.053846	-489.835827
917	0.001925	75000	-0.053184	-489.889011
918	0.001867	75000	-0.052157	-489.941168
919	0.001810	75000	-0.051261	-489.992429
920	0.001754	75000	-0.050301	-490.042730
921	0.001699	75000	-0.049378	-490.092108
922	0.001645	75000	-0.048486	-490.140594
923	0.001592	75000	-0.047492	-490.188086
924	0.001540	75000	-0.046522	-490.234608
925	0.001490	75000	-0.045821	-490.280429
926	0.001440	75000	-0.044845	-490.325274
927	0.001391	75000	-0.044051	-490.369325
928	0.001343	75000	-0.043287	-490.412612
929	0.001296	75000	-0.042158	-490.454770
930	0.001251	75000	-0.041248	-490.496018
931	0.001206	75000	-0.040525	-490.536543
932	0.001162	75000	-0.039668	-490.576211
933	0.001119	75000	-0.038776	-490.614987
934	0.001077	75000	-0.037969	-490.652956
935	0.001036	75000	-0.037056	-490.690012
936	0.000996	75000	-0.036236	-490.726247
937	0.000957	75000	-0.035452	-490.761699
938	0.000919	75000	-0.034641	-490.796340
939	0.000882	75000	-0.033694	-490.830034
940	0.000846	75000	-0.032859	-490.862893
941	0.000810	75000	-0.032058	-490.894951
942	0.000776	75000	-0.031265	-490.926216
943	0.000742	75000	-0.030533	-490.956749
944	0.000709	75000	-0.029699	-490.986448
945	0.000678	75000	-0.028930	-491.015378
946	0.000647	75000	-0.028062	-491.043440
947	0.000617	75000	-0.027303	-491.070744
948	0.000587	75000	-0.026589	-491.097333
949	0.000559	75000	-0.025821	-491.123154
950	0.000531	75000	-0.025106	-491.148260
951	0.000505	75000	-0.024307	-491.172567
952	0.000479	75000	-0.023557	-491.196124
953	0.000454	75000	-0.022816	-491.218940
954	0.000430	75000	-0.022088	-491.241028
955	0.000406	75000	-0.021450	-491.262478
956	0.000383	75000	-0.020680	-491.283158
957	0.000362	75000	-0.019966	-491.303125
958	0.000340	75000	-0.019318	-491.322442
959	0.000320	75000	-0.018581	-491.341023
960	0.000300	75000	-0.017866	-491.358889
961	0.000281	75000	-0.017203	-491.376092
962	0.000263	75000	-0.016565	-491.392657
963	0.000246	75000	-0.015864	-491.408521
964	0.000229	75000	-0.015236	-491.423757
965	0.000213	75000	-0.014628	-491.438386
966	0.000198	75000	-0.013954	-491.452340
967	0.000183	75000	-0.013363	-491.465703
968	0.000169	75000	-0.012774	-491.478476
969	0.000156	75000	-0.012126	-491.490603
970	0.000143	75000	-0.011575	-491.502178
971	0.000131	75000	-0.010968	-491.513146
972	0.000120	75000	-0.010427	-491.523573
973	0.000109	75000	-0.009842	-491.533415
974	0.000099	75000	-0.009288	-491.542703
975	0.000089	75000	-0.008743	-491.551446
976	0.000080	75000	-0.008247	-491.559693
977	0.000072	75000	-0.007712	-491.567405
978	0.000064	75000	-0.007221	-491.574626
979	0.000057	75000	-0.006700	-491.581327
980	0.000050	75000	-0.006208	-491.587535
981	0.000043	75000	-0.005766	-491.593301
982	0.000038	75000	-0.005290	-491.598591
983	0.000032	75000	-0.004842	-491.603433
984	0.000028	75000	-0.004414	-491.607847
985	0.000023	75000	-0.003999	-491.611846
986	0.000019	75000	-0.003582	-491.615428
987	0.000016	75000	-0.003193	-491.618622
988	0.000013	75000	-0.002824	-491.621446
989	0.000010	75000	-0.002459	-491.623905
990	0.000008	75000	-0.002119	-491.626024
991	0.000006	75000	-0.001792	-491.627816
992	0.000004	75000	-0.001487	-491.629303
993	0.000003	75000	-0.001197	-491.630499
994	0.000002	75000	-0.000932	-491.631432
995	0.000001	75000	-0.000690	-491.632122
996	0.000000	75000	-0.000476	-491.632598
997	0.000000	75000	-0.000287	-491.632885
998	0.000000	75000	-0.000135	-491.633019
999	0.000000	75000	-0.000029	-491.633048
Log marginal likelihood:	-491.633048
