Steppingstone sampler:
        No Stones:                  1000
        Start It:                   10000001
        It Per Stone:               100000
        Sample Freq:                1
        Dist:                       Beta(0.400000,1.000000)
Stone No	Power	N	Stone MLh	Running MLh
0	0.997502	75000	-5.365320	-5.365320
1	0.995007	75000	-5.357289	-10.722609
2	0.992517	75000	-5.349194	-16.071804
3	0.990030	75000	-5.341218	-21.413021
4	0.987547	75000	-5.333169	-26.746190
5	0.985067	75000	-5.325157	-32.071347
6	0.982592	75000	-5.317064	-37.388411
7	0.980120	75000	-5.309049	-42.697460
8	0.977652	75000	-5.301108	-47.998568
9	0.975187	75000	-5.293085	-53.291652
10	0.972726	75000	-5.285053	-58.576705
11	0.970269	75000	-5.277071	-63.853777
12	0.967816	75000	-5.269083	-69.122860
13	0.965367	75000	-5.261058	-74.383918
14	0.962921	75000	-5.253069	-79.636987
15	0.960479	75000	-5.245058	-84.882045
16	0.958040	75000	-5.237096	-90.119141
17	0.955606	75000	-5.229152	-95.348293
18	0.953175	75000	-5.221220	-100.569513
19	0.950747	75000	-5.213114	-105.782627
20	0.948324	75000	-5.205194	-110.987820
21	0.945904	75000	-5.197220	-116.185040
22	0.943488	75000	-5.189324	-121.374364
23	0.941076	75000	-5.181263	-126.555627
24	0.938667	75000	-5.173320	-131.728947
25	0.936262	75000	-5.165404	-136.894351
26	0.933861	75000	-5.157412	-142.051763
27	0.931463	75000	-5.149518	-147.201281
28	0.929069	75000	-5.141644	-152.342925
29	0.926679	75000	-5.133682	-157.476607
30	0.924293	75000	-5.125765	-162.602372
31	0.921910	75000	-5.117847	-167.720219
32	0.919531	75000	-5.109948	-172.830167
33	0.917155	75000	-5.101996	-177.932164
34	0.914783	75000	-5.094049	-183.026213
35	0.912415	75000	-5.086204	-188.112417
36	0.910051	75000	-5.078379	-193.190796
37	0.907690	75000	-5.070371	-198.261167
38	0.905333	75000	-5.062475	-203.323642
39	0.902980	75000	-5.054590	-208.378233
40	0.900630	75000	-5.046763	-213.424996
41	0.898284	75000	-5.038864	-218.463860
42	0.895942	75000	-5.031002	-223.494862
43	0.893603	75000	-5.023120	-228.517982
44	0.891268	75000	-5.015212	-233.533194
45	0.888937	75000	-5.007368	-238.540562
46	0.886609	75000	-4.999509	-243.540071
47	0.884285	75000	-4.991655	-248.531726
48	0.881965	75000	-4.983793	-253.515519
49	0.879648	75000	-4.975962	-258.491481
50	0.877335	75000	-4.968086	-263.459567
51	0.875026	75000	-4.960262	-268.419829
52	0.872720	75000	-4.952424	-273.372253
53	0.870418	75000	-4.944666	-278.316919
54	0.868120	75000	-4.936724	-283.253643
55	0.865825	75000	-4.928958	-288.182601
56	0.863534	75000	-4.921168	-293.103769
57	0.861246	75000	-4.913338	-298.017107
58	0.858962	75000	-4.905499	-302.922606
59	0.856682	75000	-4.897702	-307.820307
60	0.854405	75000	-4.889880	-312.710187
61	0.852132	75000	-4.882105	-317.592292
62	0.849863	75000	-4.874342	-322.466634
63	0.847597	75000	-4.866546	-327.333179
64	0.845335	75000	-4.858778	-332.191957
65	0.843077	75000	-4.850980	-337.042937
66	0.840822	75000	-4.843105	-341.886042
67	0.838571	75000	-4.835401	-346.721443
68	0.836323	75000	-4.827617	-351.549060
69	0.834079	75000	-4.819803	-356.368863
70	0.831839	75000	-4.812095	-361.180958
71	0.829602	75000	-4.804383	-365.985341
72	0.827369	75000	-4.796575	-370.781916
73	0.825140	75000	-4.788809	-375.570725
74	0.822914	75000	-4.781092	-380.351818
75	0.820691	75000	-4.773371	-385.125189
76	0.818473	75000	-4.765649	-389.890838
77	0.816258	75000	-4.757934	-394.648772
78	0.814046	75000	-4.750164	-399.398936
79	0.811838	75000	-4.742408	-404.141344
80	0.809634	75000	-4.734723	-408.876067
81	0.807433	75000	-4.727061	-413.603128
82	0.805236	75000	-4.719289	-418.322416
83	0.803043	75000	-4.711648	-423.034065
84	0.800853	75000	-4.703883	-427.737948
85	0.798667	75000	-4.696160	-432.434108
86	0.796484	75000	-4.688442	-437.122550
87	0.794305	75000	-4.680843	-441.803393
88	0.792129	75000	-4.673117	-446.476510
89	0.789957	75000	-4.665491	-451.142002
90	0.787789	75000	-4.657742	-455.799743
91	0.785624	75000	-4.650034	-460.449777
92	0.783463	75000	-4.642428	-465.092206
93	0.781305	75000	-4.634751	-469.726957
94	0.779151	75000	-4.627099	-474.354055
95	0.777000	75000	-4.619464	-478.973519
96	0.774853	75000	-4.611836	-483.585356
97	0.772710	75000	-4.604206	-488.189562
98	0.770570	75000	-4.596543	-492.786105
99	0.768433	75000	-4.588864	-497.374969
100	0.766301	75000	-4.581196	-501.956165
101	0.764172	75000	-4.573675	-506.529839
102	0.762046	75000	-4.565969	-511.095809
103	0.759924	75000	-4.558375	-515.654183
104	0.757805	75000	-4.550813	-520.204997
105	0.755690	75000	-4.543142	-524.748139
106	0.753579	75000	-4.535550	-529.283689
107	0.751471	75000	-4.527967	-533.811656
108	0.749366	75000	-4.520346	-538.332002
109	0.747266	75000	-4.512715	-542.844716
110	0.745168	75000	-4.505192	-547.349909
111	0.743075	75000	-4.497560	-551.847468
112	0.740984	75000	-4.490013	-556.337481
113	0.738898	75000	-4.482397	-560.819878
114	0.736815	75000	-4.474736	-565.294614
115	0.734735	75000	-4.467270	-569.761884
116	0.732659	75000	-4.459706	-574.221590
117	0.730586	75000	-4.452131	-578.673721
118	0.728517	75000	-4.444611	-583.118332
119	0.726452	75000	-4.437006	-587.555338
120	0.724390	75000	-4.429508	-591.984846
121	0.722331	75000	-4.421867	-596.406713
122	0.720276	75000	-4.414343	-600.821056
123	0.718225	75000	-4.406834	-605.227890
124	0.716177	75000	-4.399348	-609.627238
125	0.714132	75000	-4.391785	-614.019022
126	0.712091	75000	-4.384281	-618.403303
127	0.710054	75000	-4.376763	-622.780066
128	0.708020	75000	-4.369206	-627.149272
129	0.705989	75000	-4.361693	-631.510965
130	0.703962	75000	-4.354245	-635.865210
131	0.701939	75000	-4.346740	-640.211950
132	0.699919	75000	-4.339168	-644.551118
133	0.697902	75000	-4.331757	-648.882875
134	0.695889	75000	-4.324198	-653.207073
135	0.693880	75000	-4.316755	-657.523828
136	0.691874	75000	-4.309307	-661.833135
137	0.689871	75000	-4.301844	-666.134979
138	0.687872	75000	-4.294326	-670.429304
139	0.685877	75000	-4.286920	-674.716224
140	0.683885	75000	-4.279369	-678.995594
141	0.681896	75000	-4.271921	-683.267515
142	0.679911	75000	-4.264538	-687.532053
143	0.677929	75000	-4.257043	-691.789096
144	0.675951	75000	-4.249602	-696.038698
145	0.673976	75000	-4.242121	-700.280818
146	0.672005	75000	-4.234792	-704.515610
147	0.670037	75000	-4.227313	-708.742923
148	0.668073	75000	-4.219851	-712.962774
149	0.666112	75000	-4.212422	-717.175196
150	0.664155	75000	-4.205043	-721.380239
151	0.662201	75000	-4.197600	-725.577840
152	0.660250	75000	-4.190177	-729.768017
153	0.658303	75000	-4.182794	-733.950810
154	0.656359	75000	-4.175394	-738.126205
155	0.654419	75000	-4.168010	-742.294214
156	0.652483	75000	-4.160543	-746.454758
157	0.650549	75000	-4.153181	-750.607938
158	0.648619	75000	-4.145839	-754.753777
159	0.646693	75000	-4.138504	-758.892281
160	0.644770	75000	-4.131111	-763.023393
161	0.642851	75000	-4.123807	-767.147200
162	0.640934	75000	-4.116290	-771.263490
163	0.639022	75000	-4.108924	-775.372414
164	0.637113	75000	-4.101626	-779.474040
165	0.635207	75000	-4.094216	-783.568256
166	0.633304	75000	-4.086868	-787.655124
167	0.631405	75000	-4.079595	-791.734719
168	0.629510	75000	-4.072229	-795.806948
169	0.627618	75000	-4.064923	-799.871871
170	0.625729	75000	-4.057591	-803.929462
171	0.623844	75000	-4.050242	-807.979704
172	0.621962	75000	-4.042942	-812.022646
173	0.620083	75000	-4.035618	-816.058263
174	0.618208	75000	-4.028338	-820.086601
175	0.616337	75000	-4.021051	-824.107652
176	0.614468	75000	-4.013631	-828.121283
177	0.612604	75000	-4.006375	-832.127658
178	0.610742	75000	-3.999148	-836.126806
179	0.608884	75000	-3.991797	-840.118603
180	0.607029	75000	-3.984528	-844.103131
181	0.605178	75000	-3.977232	-848.080363
182	0.603330	75000	-3.969887	-852.050250
183	0.601486	75000	-3.962661	-856.012911
184	0.599645	75000	-3.955343	-859.968255
185	0.597807	75000	-3.948161	-863.916416
186	0.595973	75000	-3.940855	-867.857271
187	0.594142	75000	-3.933644	-871.790914
188	0.592314	75000	-3.926448	-875.717362
189	0.590490	75000	-3.919177	-879.636539
190	0.588669	75000	-3.911823	-883.548363
191	0.586852	75000	-3.904633	-887.452996
192	0.585038	75000	-3.897405	-891.350402
193	0.583227	75000	-3.890170	-895.240571
194	0.581420	75000	-3.883009	-899.123581
195	0.579616	75000	-3.875719	-902.999300
196	0.577815	75000	-3.868571	-906.867871
197	0.576018	75000	-3.861285	-910.729156
198	0.574224	75000	-3.854148	-914.583304
199	0.572433	75000	-3.846933	-918.430237
200	0.570646	75000	-3.839700	-922.269937
201	0.568862	75000	-3.832550	-926.102487
202	0.567082	75000	-3.825332	-929.927820
203	0.565305	75000	-3.818105	-933.745925
204	0.563531	75000	-3.811039	-937.556964
205	0.561761	75000	-3.803839	-941.360803
206	0.559993	75000	-3.796617	-945.157420
207	0.558230	75000	-3.789424	-948.946845
208	0.556469	75000	-3.782277	-952.729122
209	0.554712	75000	-3.775145	-956.504266
210	0.552958	75000	-3.768014	-960.272280
211	0.551208	75000	-3.760896	-964.033175
212	0.549461	75000	-3.753674	-967.786849
213	0.547717	75000	-3.746647	-971.533496
214	0.545977	75000	-3.739387	-975.272883
215	0.544240	75000	-3.732333	-979.005216
216	0.542506	75000	-3.725209	-982.730425
217	0.540775	75000	-3.718080	-986.448505
218	0.539048	75000	-3.710974	-990.159479
219	0.537324	75000	-3.703808	-993.863286
220	0.535604	75000	-3.696731	-997.560018
221	0.533887	75000	-3.689639	-1001.249657
222	0.532173	75000	-3.682595	-1004.932252
223	0.530462	75000	-3.675562	-1008.607814
224	0.528755	75000	-3.668301	-1012.276115
225	0.527051	75000	-3.661291	-1015.937406
226	0.525350	75000	-3.654296	-1019.591702
227	0.523653	75000	-3.647172	-1023.238874
228	0.521958	75000	-3.640102	-1026.878976
229	0.520268	75000	-3.632940	-1030.511916
230	0.518580	75000	-3.625865	-1034.137781
231	0.516896	75000	-3.618909	-1037.756690
232	0.515215	75000	-3.611794	-1041.368484
233	0.513537	75000	-3.604891	-1044.973375
234	0.511863	75000	-3.597770	-1048.571145
235	0.510192	75000	-3.590764	-1052.161909
236	0.508524	75000	-3.583711	-1055.745620
237	0.506859	75000	-3.576708	-1059.322328
238	0.505198	75000	-3.569673	-1062.892001
239	0.503540	75000	-3.562577	-1066.454578
240	0.501885	75000	-3.555594	-1070.010172
241	0.500234	75000	-3.548578	-1073.558750
242	0.498586	75000	-3.541657	-1077.100407
243	0.496941	75000	-3.534567	-1080.634974
244	0.495299	75000	-3.527554	-1084.162528
245	0.493660	75000	-3.520646	-1087.683174
246	0.492025	75000	-3.513579	-1091.196753
247	0.490393	75000	-3.506675	-1094.703427
248	0.488765	75000	-3.499593	-1098.203020
249	0.487139	75000	-3.492657	-1101.695677
250	0.485517	75000	-3.485717	-1105.181394
251	0.483898	75000	-3.478687	-1108.660081
252	0.482283	75000	-3.471764	-1112.131845
253	0.480670	75000	-3.464866	-1115.596711
254	0.479061	75000	-3.457917	-1119.054628
255	0.477455	75000	-3.451000	-1122.505627
256	0.475852	75000	-3.444050	-1125.949677
257	0.474253	75000	-3.437083	-1129.386760
258	0.472656	75000	-3.430183	-1132.816944
259	0.471063	75000	-3.423266	-1136.240210
260	0.469474	75000	-3.416301	-1139.656511
261	0.467887	75000	-3.409413	-1143.065924
262	0.466304	75000	-3.402466	-1146.468390
263	0.464723	75000	-3.395562	-1149.863952
264	0.463146	75000	-3.388696	-1153.252648
265	0.461573	75000	-3.381786	-1156.634433
266	0.460002	75000	-3.374867	-1160.009300
267	0.458435	75000	-3.368050	-1163.377350
268	0.456871	75000	-3.361145	-1166.738495
269	0.455310	75000	-3.354269	-1170.092764
270	0.453752	75000	-3.347366	-1173.440130
271	0.452198	75000	-3.340468	-1176.780598
272	0.450647	75000	-3.333572	-1180.114170
273	0.449098	75000	-3.326778	-1183.440947
274	0.447554	75000	-3.319891	-1186.760839
275	0.446012	75000	-3.313056	-1190.073895
276	0.444473	75000	-3.306189	-1193.380084
277	0.442938	75000	-3.299381	-1196.679465
278	0.441406	75000	-3.292557	-1199.972022
279	0.439877	75000	-3.285710	-1203.257732
280	0.438351	75000	-3.278963	-1206.536695
281	0.436829	75000	-3.272015	-1209.808710
282	0.435309	75000	-3.265299	-1213.074009
283	0.433793	75000	-3.258418	-1216.332427
284	0.432280	75000	-3.251625	-1219.584053
285	0.430770	75000	-3.244847	-1222.828900
286	0.429263	75000	-3.237995	-1226.066895
287	0.427760	75000	-3.231267	-1229.298162
288	0.426259	75000	-3.224337	-1232.522499
289	0.424762	75000	-3.217717	-1235.740216
290	0.423268	75000	-3.210881	-1238.951097
291	0.421777	75000	-3.204213	-1242.155310
292	0.420289	75000	-3.197425	-1245.352735
293	0.418805	75000	-3.190658	-1248.543393
294	0.417323	75000	-3.183880	-1251.727273
295	0.415845	75000	-3.177069	-1254.904342
296	0.414370	75000	-3.170328	-1258.074670
297	0.412898	75000	-3.163625	-1261.238295
298	0.411429	75000	-3.156815	-1264.395109
299	0.409963	75000	-3.150119	-1267.545229
300	0.408501	75000	-3.143365	-1270.688594
301	0.407041	75000	-3.136717	-1273.825312
302	0.405585	75000	-3.129890	-1276.955201
303	0.404132	75000	-3.123181	-1280.078382
304	0.402682	75000	-3.116460	-1283.194842
305	0.401235	75000	-3.109819	-1286.304661
306	0.399791	75000	-3.103083	-1289.407743
307	0.398350	75000	-3.096471	-1292.504215
308	0.396913	75000	-3.089686	-1295.593901
309	0.395478	75000	-3.082915	-1298.676816
310	0.394047	75000	-3.076354	-1301.753169
311	0.392619	75000	-3.069697	-1304.822867
312	0.391194	75000	-3.062974	-1307.885841
313	0.389772	75000	-3.056331	-1310.942172
314	0.388353	75000	-3.049743	-1313.991915
315	0.386937	75000	-3.042942	-1317.034857
316	0.385524	75000	-3.036335	-1320.071192
317	0.384115	75000	-3.029782	-1323.100974
318	0.382708	75000	-3.023048	-1326.124022
319	0.381305	75000	-3.016456	-1329.140478
320	0.379904	75000	-3.009835	-1332.150313
321	0.378507	75000	-3.003241	-1335.153554
322	0.377113	75000	-2.996495	-1338.150049
323	0.375722	75000	-2.989955	-1341.140004
324	0.374334	75000	-2.983305	-1344.123309
325	0.372949	75000	-2.976732	-1347.100041
326	0.371567	75000	-2.970175	-1350.070216
327	0.370189	75000	-2.963535	-1353.033752
328	0.368813	75000	-2.956847	-1355.990599
329	0.367440	75000	-2.950377	-1358.940975
330	0.366071	75000	-2.943742	-1361.884718
331	0.364705	75000	-2.937185	-1364.821903
332	0.363341	75000	-2.930523	-1367.752426
333	0.361981	75000	-2.923965	-1370.676391
334	0.360624	75000	-2.917423	-1373.593814
335	0.359269	75000	-2.910887	-1376.504701
336	0.357918	75000	-2.904371	-1379.409072
337	0.356570	75000	-2.897869	-1382.306941
338	0.355225	75000	-2.891226	-1385.198166
339	0.353883	75000	-2.884657	-1388.082824
340	0.352544	75000	-2.878109	-1390.960933
341	0.351208	75000	-2.871609	-1393.832541
342	0.349875	75000	-2.865167	-1396.697708
343	0.348546	75000	-2.858564	-1399.556272
344	0.347219	75000	-2.852113	-1402.408385
345	0.345895	75000	-2.845511	-1405.253897
346	0.344574	75000	-2.839092	-1408.092988
347	0.343257	75000	-2.832653	-1410.925642
348	0.341942	75000	-2.826161	-1413.751802
349	0.340630	75000	-2.819646	-1416.571449
350	0.339322	75000	-2.813044	-1419.384492
351	0.338016	75000	-2.806728	-1422.191220
352	0.336714	75000	-2.800158	-1424.991379
353	0.335414	75000	-2.793668	-1427.785046
354	0.334118	75000	-2.787175	-1430.572222
355	0.332824	75000	-2.780780	-1433.353002
356	0.331534	75000	-2.774288	-1436.127290
357	0.330246	75000	-2.767834	-1438.895124
358	0.328962	75000	-2.761429	-1441.656553
359	0.327680	75000	-2.754957	-1444.411510
360	0.326401	75000	-2.748626	-1447.160136
361	0.325126	75000	-2.742126	-1449.902262
362	0.323853	75000	-2.735704	-1452.637966
363	0.322584	75000	-2.729316	-1455.367283
364	0.321317	75000	-2.722857	-1458.090140
365	0.320054	75000	-2.716561	-1460.806700
366	0.318793	75000	-2.710102	-1463.516802
367	0.317536	75000	-2.703699	-1466.220501
368	0.316281	75000	-2.697338	-1468.917839
369	0.315030	75000	-2.690847	-1471.608685
370	0.313781	75000	-2.684486	-1474.293172
371	0.312535	75000	-2.678124	-1476.971296
372	0.311293	75000	-2.671749	-1479.643045
373	0.310053	75000	-2.665347	-1482.308393
374	0.308816	75000	-2.659003	-1484.967396
375	0.307582	75000	-2.652717	-1487.620112
376	0.306352	75000	-2.646305	-1490.266418
377	0.305124	75000	-2.639944	-1492.906362
378	0.303899	75000	-2.633533	-1495.539895
379	0.302677	75000	-2.627322	-1498.167217
380	0.301458	75000	-2.620937	-1500.788154
381	0.300242	75000	-2.614507	-1503.402661
382	0.299029	75000	-2.608268	-1506.010929
383	0.297819	75000	-2.601954	-1508.612882
384	0.296611	75000	-2.595643	-1511.208526
385	0.295407	75000	-2.589281	-1513.797806
386	0.294206	75000	-2.583099	-1516.380906
387	0.293007	75000	-2.576756	-1518.957661
388	0.291812	75000	-2.570409	-1521.528070
389	0.290619	75000	-2.564265	-1524.092335
390	0.289430	75000	-2.557924	-1526.650259
391	0.288243	75000	-2.551561	-1529.201820
392	0.287059	75000	-2.545395	-1531.747215
393	0.285879	75000	-2.539158	-1534.286373
394	0.284701	75000	-2.532750	-1536.819123
395	0.283526	75000	-2.526557	-1539.345680
396	0.282354	75000	-2.520266	-1541.865946
397	0.281184	75000	-2.513962	-1544.379908
398	0.280018	75000	-2.507841	-1546.887749
399	0.278855	75000	-2.501616	-1549.389365
400	0.277694	75000	-2.495449	-1551.884814
401	0.276537	75000	-2.489093	-1554.373907
402	0.275382	75000	-2.482840	-1556.856747
403	0.274230	75000	-2.476702	-1559.333449
404	0.273082	75000	-2.470526	-1561.803975
405	0.271936	75000	-2.464289	-1564.268263
406	0.270793	75000	-2.458140	-1566.726403
407	0.269652	75000	-2.451895	-1569.178298
408	0.268515	75000	-2.445729	-1571.624028
409	0.267381	75000	-2.439562	-1574.063589
410	0.266249	75000	-2.433365	-1576.496954
411	0.265121	75000	-2.427276	-1578.924230
412	0.263995	75000	-2.420947	-1581.345177
413	0.262872	75000	-2.414919	-1583.760096
414	0.261752	75000	-2.408742	-1586.168838
415	0.260635	75000	-2.402592	-1588.571431
416	0.259520	75000	-2.396317	-1590.967747
417	0.258409	75000	-2.390300	-1593.358048
418	0.257300	75000	-2.384253	-1595.742301
419	0.256195	75000	-2.377890	-1598.120191
420	0.255092	75000	-2.371851	-1600.492042
421	0.253992	75000	-2.365750	-1602.857792
422	0.252895	75000	-2.359638	-1605.217431
423	0.251800	75000	-2.353637	-1607.571067
424	0.250709	75000	-2.347603	-1609.918670
425	0.249620	75000	-2.341402	-1612.260072
426	0.248534	75000	-2.335310	-1614.595383
427	0.247451	75000	-2.329119	-1616.924502
428	0.246371	75000	-2.323103	-1619.247604
429	0.245294	75000	-2.317065	-1621.564669
430	0.244220	75000	-2.310924	-1623.875594
431	0.243148	75000	-2.304853	-1626.180447
432	0.242079	75000	-2.298749	-1628.479196
433	0.241013	75000	-2.292734	-1630.771930
434	0.239950	75000	-2.286823	-1633.058753
435	0.238890	75000	-2.280740	-1635.339493
436	0.237832	75000	-2.274773	-1637.614266
437	0.236778	75000	-2.268635	-1639.882901
438	0.235726	75000	-2.262623	-1642.145524
439	0.234677	75000	-2.256518	-1644.402042
440	0.233630	75000	-2.250512	-1646.652554
441	0.232587	75000	-2.244554	-1648.897107
442	0.231546	75000	-2.238539	-1651.135646
443	0.230509	75000	-2.232500	-1653.368146
444	0.229473	75000	-2.226586	-1655.594732
445	0.228441	75000	-2.220573	-1657.815304
446	0.227412	75000	-2.214619	-1660.029923
447	0.226385	75000	-2.208654	-1662.238578
448	0.225361	75000	-2.202643	-1664.441221
449	0.224340	75000	-2.196687	-1666.637908
450	0.223322	75000	-2.190734	-1668.828642
451	0.222306	75000	-2.184805	-1671.013447
452	0.221293	75000	-2.178776	-1673.192223
453	0.220283	75000	-2.172813	-1675.365036
454	0.219276	75000	-2.167032	-1677.532068
455	0.218272	75000	-2.160899	-1679.692967
456	0.217270	75000	-2.155049	-1681.848016
457	0.216271	75000	-2.149200	-1683.997216
458	0.215275	75000	-2.143208	-1686.140424
459	0.214281	75000	-2.137325	-1688.277748
460	0.213291	75000	-2.131318	-1690.409067
461	0.212303	75000	-2.125412	-1692.534479
462	0.211318	75000	-2.119644	-1694.654123
463	0.210335	75000	-2.113664	-1696.767787
464	0.209356	75000	-2.107929	-1698.875716
465	0.208379	75000	-2.102007	-1700.977724
466	0.207404	75000	-2.096112	-1703.073836
467	0.206433	75000	-2.090198	-1705.164034
468	0.205464	75000	-2.084259	-1707.248293
469	0.204498	75000	-2.078405	-1709.326698
470	0.203535	75000	-2.072604	-1711.399302
471	0.202575	75000	-2.066866	-1713.466169
472	0.201617	75000	-2.060948	-1715.527117
473	0.200662	75000	-2.055209	-1717.582326
474	0.199709	75000	-2.049327	-1719.631653
475	0.198760	75000	-2.043467	-1721.675121
476	0.197813	75000	-2.037685	-1723.712805
477	0.196869	75000	-2.031823	-1725.744628
478	0.195927	75000	-2.025998	-1727.770626
479	0.194988	75000	-2.020228	-1729.790854
480	0.194052	75000	-2.014583	-1731.805437
481	0.193119	75000	-2.008721	-1733.814158
482	0.192188	75000	-2.002742	-1735.816900
483	0.191260	75000	-1.997154	-1737.814054
484	0.190335	75000	-1.991327	-1739.805382
485	0.189412	75000	-1.985503	-1741.790884
486	0.188492	75000	-1.979734	-1743.770619
487	0.187575	75000	-1.974068	-1745.744687
488	0.186660	75000	-1.968153	-1747.712840
489	0.185749	75000	-1.962551	-1749.675391
490	0.184839	75000	-1.956687	-1751.632078
491	0.183933	75000	-1.951067	-1753.583145
492	0.183029	75000	-1.945322	-1755.528466
493	0.182128	75000	-1.939573	-1757.468039
494	0.181229	75000	-1.933739	-1759.401779
495	0.180333	75000	-1.928188	-1761.329967
496	0.179440	75000	-1.922574	-1763.252541
497	0.178550	75000	-1.916771	-1765.169312
498	0.177662	75000	-1.911102	-1767.080414
499	0.176777	75000	-1.905485	-1768.985899
500	0.175894	75000	-1.899733	-1770.885632
501	0.175014	75000	-1.894007	-1772.779639
502	0.174137	75000	-1.888202	-1774.667841
503	0.173262	75000	-1.882749	-1776.550590
504	0.172390	75000	-1.877017	-1778.427608
505	0.171521	75000	-1.871297	-1780.298905
506	0.170654	75000	-1.865819	-1782.164724
507	0.169790	75000	-1.860226	-1784.024951
508	0.168929	75000	-1.854428	-1785.879379
509	0.168070	75000	-1.848804	-1787.728183
510	0.167214	75000	-1.843269	-1789.571452
511	0.166360	75000	-1.837568	-1791.409020
512	0.165509	75000	-1.832032	-1793.241052
513	0.164661	75000	-1.826483	-1795.067535
514	0.163815	75000	-1.820721	-1796.888256
515	0.162972	75000	-1.815192	-1798.703448
516	0.162132	75000	-1.809790	-1800.513238
517	0.161294	75000	-1.804007	-1802.317245
518	0.160458	75000	-1.798455	-1804.115701
519	0.159626	75000	-1.792847	-1805.908547
520	0.158796	75000	-1.787296	-1807.695843
521	0.157968	75000	-1.781677	-1809.477521
522	0.157143	75000	-1.776196	-1811.253717
523	0.156321	75000	-1.770613	-1813.024330
524	0.155501	75000	-1.765151	-1814.789481
525	0.154684	75000	-1.759616	-1816.549097
526	0.153870	75000	-1.753925	-1818.303022
527	0.153058	75000	-1.748485	-1820.051507
528	0.152248	75000	-1.742974	-1821.794481
529	0.151441	75000	-1.737456	-1823.531937
530	0.150637	75000	-1.731899	-1825.263836
531	0.149835	75000	-1.726455	-1826.990291
532	0.149036	75000	-1.720926	-1828.711217
533	0.148240	75000	-1.715622	-1830.426839
534	0.147446	75000	-1.709944	-1832.136783
535	0.146654	75000	-1.704546	-1833.841330
536	0.145865	75000	-1.699062	-1835.540392
537	0.145079	75000	-1.693683	-1837.234075
538	0.144295	75000	-1.688100	-1838.922174
539	0.143514	75000	-1.682630	-1840.604805
540	0.142735	75000	-1.677273	-1842.282078
541	0.141959	75000	-1.671838	-1843.953916
542	0.141186	75000	-1.666307	-1845.620223
543	0.140415	75000	-1.660972	-1847.281195
544	0.139646	75000	-1.655309	-1848.936504
545	0.138880	75000	-1.650076	-1850.586580
546	0.138116	75000	-1.644586	-1852.231165
547	0.137356	75000	-1.639191	-1853.870357
548	0.136597	75000	-1.633913	-1855.504270
549	0.135841	75000	-1.628458	-1857.132728
550	0.135088	75000	-1.622991	-1858.755718
551	0.134337	75000	-1.617727	-1860.373445
552	0.133588	75000	-1.612354	-1861.985799
553	0.132843	75000	-1.606875	-1863.592674
554	0.132099	75000	-1.601578	-1865.194253
555	0.131358	75000	-1.596247	-1866.790500
556	0.130620	75000	-1.590908	-1868.381408
557	0.129884	75000	-1.585522	-1869.966930
558	0.129151	75000	-1.580361	-1871.547291
559	0.128420	75000	-1.574874	-1873.122165
560	0.127691	75000	-1.569579	-1874.691744
561	0.126965	75000	-1.564212	-1876.255956
562	0.126242	75000	-1.558948	-1877.814904
563	0.125521	75000	-1.553575	-1879.368480
564	0.124802	75000	-1.548295	-1880.916775
565	0.124086	75000	-1.542860	-1882.459636
566	0.123373	75000	-1.537758	-1883.997394
567	0.122662	75000	-1.532431	-1885.529825
568	0.121953	75000	-1.527193	-1887.057018
569	0.121247	75000	-1.521819	-1888.578837
570	0.120543	75000	-1.516638	-1890.095475
571	0.119842	75000	-1.511453	-1891.606928
572	0.119143	75000	-1.506189	-1893.113117
573	0.118447	75000	-1.500847	-1894.613964
574	0.117753	75000	-1.495571	-1896.109534
575	0.117062	75000	-1.490530	-1897.600064
576	0.116373	75000	-1.485205	-1899.085270
577	0.115686	75000	-1.479797	-1900.565066
578	0.115002	75000	-1.474799	-1902.039865
579	0.114320	75000	-1.469468	-1903.509334
580	0.113641	75000	-1.464348	-1904.973682
581	0.112964	75000	-1.459177	-1906.432858
582	0.112290	75000	-1.453930	-1907.886788
583	0.111618	75000	-1.448725	-1909.335513
584	0.110948	75000	-1.443717	-1910.779231
585	0.110281	75000	-1.438428	-1912.217659
586	0.109616	75000	-1.433262	-1913.650921
587	0.108954	75000	-1.428114	-1915.079035
588	0.108294	75000	-1.422945	-1916.501981
589	0.107637	75000	-1.417862	-1917.919843
590	0.106981	75000	-1.412604	-1919.332447
591	0.106329	75000	-1.407567	-1920.740014
592	0.105678	75000	-1.402374	-1922.142388
593	0.105030	75000	-1.397175	-1923.539563
594	0.104385	75000	-1.392174	-1924.931737
595	0.103742	75000	-1.387190	-1926.318926
596	0.103101	75000	-1.381890	-1927.700816
597	0.102463	75000	-1.376992	-1929.077809
598	0.101827	75000	-1.371824	-1930.449633
599	0.101193	75000	-1.366653	-1931.816286
600	0.100562	75000	-1.361687	-1933.177973
601	0.099933	75000	-1.356683	-1934.534656
602	0.099306	75000	-1.351483	-1935.886139
603	0.098682	75000	-1.346483	-1937.232622
604	0.098060	75000	-1.341364	-1938.573986
605	0.097441	75000	-1.336264	-1939.910250
606	0.096824	75000	-1.331349	-1941.241599
607	0.096209	75000	-1.326335	-1942.567934
608	0.095596	75000	-1.321295	-1943.889229
609	0.094986	75000	-1.316143	-1945.205372
610	0.094379	75000	-1.311263	-1946.516636
611	0.093773	75000	-1.306181	-1947.822817
612	0.093170	75000	-1.301248	-1949.124065
613	0.092570	75000	-1.296261	-1950.420326
614	0.091971	75000	-1.291220	-1951.711545
615	0.091375	75000	-1.286472	-1952.998017
616	0.090781	75000	-1.281353	-1954.279370
617	0.090190	75000	-1.276504	-1955.555874
618	0.089601	75000	-1.271367	-1956.827241
619	0.089014	75000	-1.266298	-1958.093539
620	0.088430	75000	-1.261613	-1959.355152
621	0.087848	75000	-1.256635	-1960.611787
622	0.087268	75000	-1.251720	-1961.863507
623	0.086690	75000	-1.246748	-1963.110255
624	0.086115	75000	-1.241958	-1964.352213
625	0.085542	75000	-1.236847	-1965.589061
626	0.084971	75000	-1.231879	-1966.820940
627	0.084403	75000	-1.227195	-1968.048136
628	0.083837	75000	-1.222228	-1969.270363
629	0.083273	75000	-1.217234	-1970.487598
630	0.082712	75000	-1.212339	-1971.699937
631	0.082152	75000	-1.207474	-1972.907411
632	0.081595	75000	-1.202721	-1974.110132
633	0.081041	75000	-1.198027	-1975.308160
634	0.080488	75000	-1.192899	-1976.501059
635	0.079938	75000	-1.188223	-1977.689283
636	0.079390	75000	-1.183468	-1978.872751
637	0.078845	75000	-1.178343	-1980.051094
638	0.078301	75000	-1.173608	-1981.224702
639	0.077760	75000	-1.168910	-1982.393612
640	0.077221	75000	-1.164038	-1983.557649
641	0.076684	75000	-1.159065	-1984.716715
642	0.076150	75000	-1.154391	-1985.871106
643	0.075618	75000	-1.149685	-1987.020791
644	0.075088	75000	-1.145017	-1988.165808
645	0.074560	75000	-1.140051	-1989.305860
646	0.074035	75000	-1.135404	-1990.441264
647	0.073512	75000	-1.130738	-1991.572002
648	0.072991	75000	-1.126031	-1992.698033
649	0.072472	75000	-1.121153	-1993.819186
650	0.071955	75000	-1.116402	-1994.935588
651	0.071441	75000	-1.111541	-1996.047129
652	0.070929	75000	-1.106973	-1997.154103
653	0.070419	75000	-1.102271	-1998.256373
654	0.069911	75000	-1.097580	-1999.353953
655	0.069406	75000	-1.092780	-2000.446733
656	0.068903	75000	-1.088018	-2001.534751
657	0.068401	75000	-1.083463	-2002.618214
658	0.067903	75000	-1.078603	-2003.696816
659	0.067406	75000	-1.074036	-2004.770853
660	0.066911	75000	-1.069336	-2005.840189
661	0.066419	75000	-1.064756	-2006.904945
662	0.065929	75000	-1.060030	-2007.964974
663	0.065441	75000	-1.055378	-2009.020352
664	0.064955	75000	-1.050619	-2010.070971
665	0.064471	75000	-1.046166	-2011.117137
666	0.063990	75000	-1.041499	-2012.158635
667	0.063510	75000	-1.036572	-2013.195208
668	0.063033	75000	-1.032203	-2014.227411
669	0.062558	75000	-1.027604	-2015.255014
670	0.062085	75000	-1.023150	-2016.278164
671	0.061615	75000	-1.018329	-2017.296493
672	0.061146	75000	-1.013783	-2018.310277
673	0.060680	75000	-1.009246	-2019.319523
674	0.060216	75000	-1.004700	-2020.324222
675	0.059753	75000	-1.000326	-2021.324548
676	0.059293	75000	-0.995691	-2022.320239
677	0.058836	75000	-0.991238	-2023.311477
678	0.058380	75000	-0.986694	-2024.298170
679	0.057926	75000	-0.982020	-2025.280190
680	0.057475	75000	-0.977559	-2026.257749
681	0.057025	75000	-0.973126	-2027.230876
682	0.056578	75000	-0.968430	-2028.199306
683	0.056133	75000	-0.963805	-2029.163111
684	0.055690	75000	-0.959575	-2030.122685
685	0.055249	75000	-0.955331	-2031.078017
686	0.054810	75000	-0.950552	-2032.028568
687	0.054373	75000	-0.945755	-2032.974324
688	0.053939	75000	-0.941615	-2033.915939
689	0.053506	75000	-0.937111	-2034.853050
690	0.053076	75000	-0.932786	-2035.785836
691	0.052647	75000	-0.928078	-2036.713914
692	0.052221	75000	-0.923911	-2037.637826
693	0.051797	75000	-0.919216	-2038.557042
694	0.051375	75000	-0.914944	-2039.471986
695	0.050955	75000	-0.910624	-2040.382611
696	0.050537	75000	-0.906138	-2041.288749
697	0.050121	75000	-0.901485	-2042.190234
698	0.049707	75000	-0.897336	-2043.087570
699	0.049295	75000	-0.892732	-2043.980302
700	0.048885	75000	-0.888486	-2044.868787
701	0.048478	75000	-0.884154	-2045.752942
702	0.048072	75000	-0.879792	-2046.632734
703	0.047668	75000	-0.875441	-2047.508175
704	0.047267	75000	-0.871088	-2048.379263
705	0.046867	75000	-0.866699	-2049.245961
706	0.046470	75000	-0.862338	-2050.108300
707	0.046074	75000	-0.858213	-2050.966513
708	0.045681	75000	-0.853977	-2051.820490
709	0.045289	75000	-0.849614	-2052.670104
710	0.044900	75000	-0.845190	-2053.515294
711	0.044512	75000	-0.840877	-2054.356171
712	0.044127	75000	-0.836517	-2055.192688
713	0.043744	75000	-0.832263	-2056.024951
714	0.043362	75000	-0.828025	-2056.852976
715	0.042983	75000	-0.823696	-2057.676672
716	0.042606	75000	-0.819627	-2058.496299
717	0.042230	75000	-0.815383	-2059.311682
718	0.041857	75000	-0.811099	-2060.122781
719	0.041485	75000	-0.807026	-2060.929807
720	0.041116	75000	-0.802781	-2061.732588
721	0.040749	75000	-0.798537	-2062.531125
722	0.040383	75000	-0.794424	-2063.325549
723	0.040020	75000	-0.790005	-2064.115554
724	0.039658	75000	-0.785894	-2064.901448
725	0.039299	75000	-0.781800	-2065.683248
726	0.038941	75000	-0.777427	-2066.460675
727	0.038585	75000	-0.773381	-2067.234055
728	0.038232	75000	-0.769290	-2068.003345
729	0.037880	75000	-0.765211	-2068.768556
730	0.037530	75000	-0.760923	-2069.529479
731	0.037182	75000	-0.757175	-2070.286654
732	0.036836	75000	-0.752524	-2071.039178
733	0.036493	75000	-0.748270	-2071.787449
734	0.036151	75000	-0.744641	-2072.532089
735	0.035810	75000	-0.740210	-2073.272300
736	0.035472	75000	-0.736151	-2074.008451
737	0.035136	75000	-0.732222	-2074.740673
738	0.034802	75000	-0.728116	-2075.468789
739	0.034469	75000	-0.724096	-2076.192885
740	0.034139	75000	-0.720207	-2076.913092
741	0.033810	75000	-0.715953	-2077.629045
742	0.033484	75000	-0.711999	-2078.341044
743	0.033159	75000	-0.707963	-2079.049007
744	0.032836	75000	-0.703875	-2079.752883
745	0.032515	75000	-0.699819	-2080.452701
746	0.032196	75000	-0.695716	-2081.148418
747	0.031879	75000	-0.692069	-2081.840486
748	0.031563	75000	-0.687992	-2082.528479
749	0.031250	75000	-0.683962	-2083.212441
750	0.030938	75000	-0.679750	-2083.892191
751	0.030629	75000	-0.675982	-2084.568173
752	0.030321	75000	-0.672075	-2085.240248
753	0.030015	75000	-0.667937	-2085.908186
754	0.029711	75000	-0.663990	-2086.572176
755	0.029409	75000	-0.660113	-2087.232289
756	0.029108	75000	-0.656441	-2087.888730
757	0.028810	75000	-0.652743	-2088.541474
758	0.028513	75000	-0.648565	-2089.190039
759	0.028218	75000	-0.644580	-2089.834619
760	0.027925	75000	-0.640687	-2090.475306
761	0.027634	75000	-0.636903	-2091.112209
762	0.027345	75000	-0.632815	-2091.745024
763	0.027057	75000	-0.628974	-2092.373998
764	0.026771	75000	-0.625252	-2092.999250
765	0.026487	75000	-0.621722	-2093.620972
766	0.026205	75000	-0.617691	-2094.238663
767	0.025925	75000	-0.613958	-2094.852620
768	0.025647	75000	-0.609668	-2095.462288
769	0.025370	75000	-0.606286	-2096.068574
770	0.025095	75000	-0.602516	-2096.671090
771	0.024822	75000	-0.598477	-2097.269568
772	0.024551	75000	-0.595025	-2097.864592
773	0.024281	75000	-0.591198	-2098.455790
774	0.024014	75000	-0.587524	-2099.043314
775	0.023748	75000	-0.583338	-2099.626652
776	0.023483	75000	-0.579786	-2100.206438
777	0.023221	75000	-0.576061	-2100.782499
778	0.022960	75000	-0.572114	-2101.354613
779	0.022702	75000	-0.568744	-2101.923357
780	0.022445	75000	-0.564945	-2102.488302
781	0.022189	75000	-0.561481	-2103.049783
782	0.021936	75000	-0.557947	-2103.607730
783	0.021684	75000	-0.553852	-2104.161582
784	0.021434	75000	-0.550184	-2104.711766
785	0.021185	75000	-0.546517	-2105.258283
786	0.020939	75000	-0.543176	-2105.801459
787	0.020694	75000	-0.539437	-2106.340896
788	0.020451	75000	-0.535932	-2106.876828
789	0.020209	75000	-0.532271	-2107.409099
790	0.019969	75000	-0.528909	-2107.938008
791	0.019731	75000	-0.525002	-2108.463010
792	0.019495	75000	-0.521396	-2108.984406
793	0.019261	75000	-0.517950	-2109.502356
794	0.019028	75000	-0.514443	-2110.016798
795	0.018796	75000	-0.510690	-2110.527488
796	0.018567	75000	-0.507538	-2111.035027
797	0.018339	75000	-0.503525	-2111.538552
798	0.018113	75000	-0.500325	-2112.038876
799	0.017889	75000	-0.496534	-2112.535410
800	0.017666	75000	-0.493292	-2113.028703
801	0.017445	75000	-0.490010	-2113.518712
802	0.017225	75000	-0.486257	-2114.004970
803	0.017007	75000	-0.482946	-2114.487916
804	0.016791	75000	-0.479615	-2114.967531
805	0.016577	75000	-0.476112	-2115.443643
806	0.016364	75000	-0.472798	-2115.916441
807	0.016153	75000	-0.469263	-2116.385704
808	0.015943	75000	-0.465951	-2116.851656
809	0.015736	75000	-0.462330	-2117.313986
810	0.015529	75000	-0.459319	-2117.773306
811	0.015325	75000	-0.455714	-2118.229020
812	0.015122	75000	-0.452453	-2118.681473
813	0.014920	75000	-0.449003	-2119.130476
814	0.014721	75000	-0.445880	-2119.576355
815	0.014523	75000	-0.442335	-2120.018690
816	0.014326	75000	-0.439470	-2120.458161
817	0.014131	75000	-0.435651	-2120.893812
818	0.013938	75000	-0.432590	-2121.326402
819	0.013746	75000	-0.429028	-2121.755430
820	0.013556	75000	-0.425784	-2122.181214
821	0.013367	75000	-0.422691	-2122.603905
822	0.013181	75000	-0.419583	-2123.023488
823	0.012995	75000	-0.416433	-2123.439921
824	0.012811	75000	-0.413056	-2123.852977
825	0.012629	75000	-0.409672	-2124.262649
826	0.012448	75000	-0.406864	-2124.669513
827	0.012269	75000	-0.403269	-2125.072781
828	0.012092	75000	-0.400472	-2125.473254
829	0.011916	75000	-0.397055	-2125.870309
830	0.011741	75000	-0.394350	-2126.264659
831	0.011568	75000	-0.391345	-2126.656004
832	0.011397	75000	-0.388288	-2127.044291
833	0.011227	75000	-0.384610	-2127.428901
834	0.011059	75000	-0.381537	-2127.810438
835	0.010892	75000	-0.379027	-2128.189464
836	0.010727	75000	-0.375878	-2128.565343
837	0.010563	75000	-0.373162	-2128.938505
838	0.010401	75000	-0.369775	-2129.308279
839	0.010240	75000	-0.367287	-2129.675566
840	0.010081	75000	-0.363952	-2130.039519
841	0.009923	75000	-0.360952	-2130.400471
842	0.009767	75000	-0.357783	-2130.758254
843	0.009612	75000	-0.354596	-2131.112850
844	0.009459	75000	-0.351949	-2131.464799
845	0.009307	75000	-0.349272	-2131.814070
846	0.009156	75000	-0.346462	-2132.160532
847	0.009008	75000	-0.343673	-2132.504205
848	0.008860	75000	-0.340712	-2132.844917
849	0.008714	75000	-0.337717	-2133.182635
850	0.008570	75000	-0.335664	-2133.518299
851	0.008427	75000	-0.332642	-2133.850940
852	0.008285	75000	-0.329451	-2134.180392
853	0.008145	75000	-0.326933	-2134.507325
854	0.008006	75000	-0.324832	-2134.832157
855	0.007869	75000	-0.321331	-2135.153488
856	0.007733	75000	-0.318877	-2135.472365
857	0.007598	75000	-0.317303	-2135.789668
858	0.007465	75000	-0.313706	-2136.103375
859	0.007334	75000	-0.311431	-2136.414806
860	0.007203	75000	-0.308649	-2136.723455
861	0.007075	75000	-0.306201	-2137.029656
862	0.006947	75000	-0.304356	-2137.334011
863	0.006821	75000	-0.301146	-2137.635157
864	0.006696	75000	-0.297942	-2137.933098
865	0.006573	75000	-0.296148	-2138.229246
866	0.006451	75000	-0.292916	-2138.522162
867	0.006330	75000	-0.292121	-2138.814284
868	0.006211	75000	-0.289081	-2139.103365
869	0.006093	75000	-0.287444	-2139.390809
870	0.005977	75000	-0.284694	-2139.675503
871	0.005862	75000	-0.280732	-2139.956235
872	0.005748	75000	-0.279508	-2140.235742
873	0.005635	75000	-0.277353	-2140.513095
874	0.005524	75000	-0.274565	-2140.787660
875	0.005414	75000	-0.272544	-2141.060205
876	0.005306	75000	-0.270921	-2141.331126
877	0.005199	75000	-0.268957	-2141.600083
878	0.005093	75000	-0.266156	-2141.866239
879	0.004988	75000	-0.263729	-2142.129968
880	0.004885	75000	-0.261420	-2142.391388
881	0.004783	75000	-0.259755	-2142.651143
882	0.004682	75000	-0.257179	-2142.908322
883	0.004583	75000	-0.254912	-2143.163234
884	0.004485	75000	-0.253035	-2143.416268
885	0.004388	75000	-0.250120	-2143.666389
886	0.004292	75000	-0.248592	-2143.914980
887	0.004198	75000	-0.246923	-2144.161903
888	0.004105	75000	-0.244876	-2144.406780
889	0.004013	75000	-0.242439	-2144.649219
890	0.003923	75000	-0.240243	-2144.889462
891	0.003833	75000	-0.237536	-2145.126997
892	0.003745	75000	-0.236977	-2145.363975
893	0.003658	75000	-0.233766	-2145.597741
894	0.003573	75000	-0.230691	-2145.828432
895	0.003488	75000	-0.230047	-2146.058479
896	0.003405	75000	-0.226257	-2146.284736
897	0.003323	75000	-0.224939	-2146.509674
898	0.003242	75000	-0.222650	-2146.732325
899	0.003162	75000	-0.220135	-2146.952460
900	0.003084	75000	-0.218186	-2147.170646
901	0.003007	75000	-0.217111	-2147.387757
902	0.002930	75000	-0.213477	-2147.601234
903	0.002855	75000	-0.211599	-2147.812833
904	0.002782	75000	-0.209734	-2148.022567
905	0.002709	75000	-0.206857	-2148.229423
906	0.002638	75000	-0.204621	-2148.434044
907	0.002567	75000	-0.202317	-2148.636361
908	0.002498	75000	-0.199898	-2148.836259
909	0.002430	75000	-0.197566	-2149.033825
910	0.002363	75000	-0.195139	-2149.228964
911	0.002297	75000	-0.193572	-2149.422535
912	0.002233	75000	-0.191186	-2149.613721
913	0.002169	75000	-0.187907	-2149.801628
914	0.002106	75000	-0.186058	-2149.987686
915	0.002045	75000	-0.183233	-2150.170919
916	0.001985	75000	-0.181048	-2150.351967
917	0.001925	75000	-0.178643	-2150.530611
918	0.001867	75000	-0.175729	-2150.706340
919	0.001810	75000	-0.173083	-2150.879422
920	0.001754	75000	-0.170677	-2151.050099
921	0.001699	75000	-0.167458	-2151.217557
922	0.001645	75000	-0.164936	-2151.382492
923	0.001592	75000	-0.163084	-2151.545576
924	0.001540	75000	-0.160234	-2151.705810
925	0.001490	75000	-0.157839	-2151.863650
926	0.001440	75000	-0.155298	-2152.018948
927	0.001391	75000	-0.152245	-2152.171193
928	0.001343	75000	-0.149472	-2152.320665
929	0.001296	75000	-0.148128	-2152.468792
930	0.001251	75000	-0.144871	-2152.613663
931	0.001206	75000	-0.142009	-2152.755673
932	0.001162	75000	-0.139381	-2152.895054
933	0.001119	75000	-0.136256	-2153.031310
934	0.001077	75000	-0.133783	-2153.165093
935	0.001036	75000	-0.131511	-2153.296604
936	0.000996	75000	-0.128639	-2153.425243
937	0.000957	75000	-0.125663	-2153.550906
938	0.000919	75000	-0.123037	-2153.673943
939	0.000882	75000	-0.120111	-2153.794054
940	0.000846	75000	-0.117467	-2153.911521
941	0.000810	75000	-0.114933	-2154.026454
942	0.000776	75000	-0.112403	-2154.138856
943	0.000742	75000	-0.109270	-2154.248127
944	0.000709	75000	-0.106932	-2154.355059
945	0.000678	75000	-0.104675	-2154.459734
946	0.000647	75000	-0.101499	-2154.561233
947	0.000617	75000	-0.098700	-2154.659933
948	0.000587	75000	-0.096567	-2154.756500
949	0.000559	75000	-0.093929	-2154.850430
950	0.000531	75000	-0.090987	-2154.941417
951	0.000505	75000	-0.088580	-2155.029997
952	0.000479	75000	-0.086064	-2155.116061
953	0.000454	75000	-0.083315	-2155.199376
954	0.000430	75000	-0.080751	-2155.280127
955	0.000406	75000	-0.078509	-2155.358636
956	0.000383	75000	-0.075922	-2155.434557
957	0.000362	75000	-0.073355	-2155.507912
958	0.000340	75000	-0.070904	-2155.578816
959	0.000320	75000	-0.068481	-2155.647297
960	0.000300	75000	-0.065763	-2155.713059
961	0.000281	75000	-0.063582	-2155.776642
962	0.000263	75000	-0.061164	-2155.837805
963	0.000246	75000	-0.058607	-2155.896412
964	0.000229	75000	-0.056396	-2155.952808
965	0.000213	75000	-0.053993	-2156.006801
966	0.000198	75000	-0.051798	-2156.058599
967	0.000183	75000	-0.049671	-2156.108270
968	0.000169	75000	-0.047296	-2156.155566
969	0.000156	75000	-0.045131	-2156.200697
970	0.000143	75000	-0.043017	-2156.243715
971	0.000131	75000	-0.040843	-2156.284557
972	0.000120	75000	-0.038694	-2156.323251
973	0.000109	75000	-0.036671	-2156.359923
974	0.000099	75000	-0.034718	-2156.394641
975	0.000089	75000	-0.032665	-2156.427306
976	0.000080	75000	-0.030683	-2156.457989
977	0.000072	75000	-0.028747	-2156.486736
978	0.000064	75000	-0.026855	-2156.513591
979	0.000057	75000	-0.025011	-2156.538602
980	0.000050	75000	-0.023198	-2156.561800
981	0.000043	75000	-0.021439	-2156.583239
982	0.000038	75000	-0.019768	-2156.603008
983	0.000032	75000	-0.018073	-2156.621080
984	0.000028	75000	-0.016468	-2156.637548
985	0.000023	75000	-0.014935	-2156.652484
986	0.000019	75000	-0.013408	-2156.665891
987	0.000016	75000	-0.011955	-2156.677846
988	0.000013	75000	-0.010519	-2156.688365
989	0.000010	75000	-0.009197	-2156.697562
990	0.000008	75000	-0.007938	-2156.705500
991	0.000006	75000	-0.006685	-2156.712185
992	0.000004	75000	-0.005547	-2156.717732
993	0.000003	75000	-0.004481	-2156.722213
994	0.000002	75000	-0.003487	-2156.725699
995	0.000001	75000	-0.002581	-2156.728281
996	0.000000	75000	-0.001774	-2156.730055
997	0.000000	75000	-0.001076	-2156.731131
998	0.000000	75000	-0.000504	-2156.731635
999	0.000000	75000	-0.000108	-2156.731743
Log marginal likelihood:	-2156.731743
